50
4 3
-3 -6 -9
3 2 1
2 2
1 -1
1 1
1000 25
-323832 2387407 -211743 117805 3356009 -672067 -647393 -8192 -328001 3216728 834833 -644313 32 198571 -1 -49618 -209820 -117519 619774 524288 222193 1859386 660440 2226789 683004
276 34 467 337 106 196 262 744 233 14 62 343 992 412 999 494 55 501 94 488 484 224 404 63 251
1000 25
2457236 612696 -524288 -1075871 2730640 -64 -5684233 262144 -9385875 677827 1801445 -3597540 2994941 -41853 -3153626 4959839 -7628756 -1353130 945471 -7378888 -5793606 -3918562 1 -3846332 -8789470
598 643 872 547 131 984 175 936 540 330 347 177 360 172 548 156 282 805 46 763 187 489 999 273 128
1000 5
1 -64 65536 -524288 8388608
999 968 936 872 204
1000 25
4727645 -6561087 -2062245 -8230599 9002394 4042131 -7221424 -696502 884134 5882456 -9137507 -4525504 -5455749 2377656 9362615 -2868336 7526051 -9535217 6706199 -5273167 5124633 5319440 -1613347 1989064 -5072267
525 248 901 200 192 685 228 945 928 253 165 571 324 855 92 690 224 1 233 378 393 348 926 909 433
1000 25
2047468 -400715 7342254 9036636 -1010603 3443359 6349731 -9786112 4354736 1032275 1009268 768030 -663178 -7186452 527088 -3365051 -2213842 2365370 -8242854 8244269 -933349 -3600948 -6316148 -1536748 -8396021
638 928 182 53 771 469 240 39 372 674 781 838 838 206 910 529 618 589 172 130 836 425 365 659 84
1000 25
3336047 -5745726 4836851 339154 807145 -731277 1574094 -1 2702770 4543657 -2039319 4072539 9590439 779122 -4250735 930488 256 7079944 4695288 2027076 7852321 524288 -65536 -3906033 -4387203
188 117 480 783 329 431 766 999 498 416 593 277 609 164 28 439 984 28 488 166 56 872 968 407 331
1000 25
974822 -2274590 8192 -5604819 -7654341 -504497 147781 -167382 1112448 720008 -2187879 -2143473 -2008685 -1484163 1 -524288 -1975560 -64 -4604615 -1312432 -2811892 -5029273 287433 -2666820 -5472702
52 255 872 137 7 228 200 368 523 666 327 53 77 180 999 488 242 992 169 116 187 198 310 351 62
1000 25
2576927 432868 7820927 3333837 -6878744 -847561 5727271 -3627706 -138894 -1651381 -5585212 221573 7306861 6779547 -8141306 -3140193 -5971277 -398017 3067996 -4982981 4301209 5335913 -7815454 -2639108 1018167
575 777 36 508 60 757 299 470 944 579 329 937 38 66 4 510 240 887 511 366 396 332 38 523 673
1000 25
2974510 5515805 369141 2459812 -569392 -1634207 -2786269 2639474 9369068 1007057 4886827 -4352572 -2131680 -5415562 -5540509 -3278111 -8011742 1932212 -9966587 -1996714 6352098 3760673 -2637683 -89762 2092587
601 279 895 736 862 831 627 631 41 847 349 437 736 331 268 561 98 805 31 763 193 541 733 920 736
1000 25
973373 6314533 3315580 5057351 -9545316 2792971 6564468 -7346179 131072 -5386814 -4554631 -377124 -128 -217641 -5898644 -7800003 -3197617 -50580 1 9067311 -1013743 -524288 2739567 -4832803 -5693691
59 195 335 198 16 1 390 652 968 516 91 232 984 239 63 602 314 131 999 91 628 872 272 503 480
1000 25
524288 -1 -423153 3275569 4337785 -65536 -1187823 3600085 -3809010 1014302 3913881 4055565 -3483369 -106706 614497 993150 7384029 7334725 1844141 7527738 64 29610 9235415 -1080638 -1535397
744 999 243 643 430 936 501 643 158 700 167 247 114 745 394 383 34 572 509 433 984 623 193 612 87
1000 25
-2164916 3193433 -134636 5442391 -1521863 2436595 -524288 -6664324 -5057300 -41146 1 -9925465 -1796551 -8478448 -6624972 -9321094 -1024 -328336 -3879366 65536 -316773 -4819225 -366109 -7508728 -2156383
95 441 630 3 414 128 872 534 195 823 999 329 229 336 154 221 984 157 193 936 860 691 192 244 412
1000 25
-6240753 -228418 9300878 2476107 9915985 6747313 2899920 -5871382 -1436598 -6829495 -9427423 9876215 -1178501 8320058 -2942753 8364729 7648684 -4573084 2178501 6325244 2515385 9226459 8973380 -7899664 6643387
803 292 382 922 125 192 121 44 518 191 154 454 971 614 341 264 700 924 34 446 658 996 127 688 551
1000 25
4292486 -7262308 9952774 -9227224 1101388 -4660785 -4386288 7364083 -1888349 5174549 1651774 2375771 9240118 -5506406 7950338 8988629 -7557231 -2578555 4387519 -8384628 -977611 -9540962 592921 -1313262 6207595
571 245 10 111 861 399 532 220 746 343 793 734 80 292 182 145 188 708 427 168 988 72 996 825 255
1000 25
493168 2227186 -524288 7181612 207860 2840950 -9423691 2049161 -9523026 4066213 47914 -3573124 2717162 -2743837 -5910980 -1238828 2107995 7156196 6710239 7668646 16384 2082710 -256 -2104978 1
234 356 488 17 796 370 60 54 228 144 289 131 316 118 247 319 338 131 208 23 968 619 984 324 999
1000 25
8088421 7168858 256 7669377 -56604 6565422 -5923945 4625641 -4581905 7143858 -32768 -1 3673728 1375862 5113450 -486518 -2708417 2933638 5845863 524288 9904527 6933256 -738835 6306346 3451866
80 98 984 587 341 442 65 223 266 635 968 999 307 584 622 427 437 278 535 744 486 303 279 157 35
1000 25
4957568 4874554 -4050776 256 1622392 2415957 -1354569 524288 4153021 4352455 -1 -32768 -370035 -2050430 8147835 -756221 -138240 1583084 4412315 -4251579 728233 8790410 789727 -2181310 441268
513 464 31 984 398 391 387 744 167 388 999 936 841 500 520 35 361 610 477 58 466 84 308 166 389
1000 25
-8134708 -276104 -4867091 4824767 -6479511 1719912 105985 6390489 -8582412 4387779 9838919 -4944744 -9920439 683944 1753373 -9493434 2794619 9933674 -8208098 -7672466 -2764936 9345769 -2301124 4042995 -7949183
147 891 832 748 927 42 89 731 102 113 681 112 8 544 994 811 956 226 667 340 463 683 103 295 103
1000 25
6418833 6553752 -6632670 4712806 1540872 3170569 -1652360 -3663804 -7056272 -1 -131072 9022028 -3969656 -1456312 1895373 6880772 1024 2327561 -6122823 6988936 -1235624 -5563039 4141416 -1694587 524288
210 224 440 89 452 218 307 286 487 999 968 208 314 40 72 131 984 227 89 164 15 336 44 791 488
1000 25
3251538 -486365 -2924866 2407855 493970 -8594518 5248070 -1269926 -170696 -760155 8790019 -7679926 6887236 158481 -4275001 335080 8009547 4293102 7326200 -7171989 -6207206 -9034246 838894 -4727484 9460130
420 649 475 506 632 174 369 590 913 630 155 231 361 916 405 755 182 405 257 286 364 138 628 388 105
1000 25
-569190 4746770 7504009 -8901254 1 8819226 -2048 7040432 6518876 3209412 241158 -2803591 9905964 6199853 16384 3145447 8675753 3023577 282950 -2458518 6608044 -7848679 -524288 7539454 1859346
168 396 223 100 999 101 984 189 478 140 54 169 94 395 968 370 134 285 109 75 538 88 488 30 326
1000 25
3627357 -8643697 2922083 49753 2779727 -920734 -6827145 5244582 -2629750 -64 1606406 707766 972753 -4711973 8192 639957 2869595 -6582882 2713296 -5940602 4532422 -953441 1693681 1 -524288
250 92 83 905 14 270 45 275 245 992 652 613 451 85 936 827 193 204 596 155 148 97 559 999 488
1000 25
-327958 2131032 -894334 -512 82443 -4927558 -1327654 -6043740 32768 2078670 -1169152 -532245 2363986 -7278707 1526213 -9259292 1924468 -7241002 -617421 1 837662 -2036770 -8048143 -524288 -6063100
90 192 644 984 888 552 247 573 936 6 273 434 383 50 344 340 409 541 35 999 518 221 183 744 304
1000 25
-782145 6588934 -4093131 715435 -3028675 -5578325 -1792913 -3564888 -8567885 7739078 -4946441 4949862 -7970087 3057288 -9588656 -6714917 2309918 8048619 1022881 4868836 -678294 3579818 8678783 -2350829 2873233
825 286 459 895 555 337 796 470 141 207 390 352 204 525 76 241 728 143 823 442 967 464 127 712 651
1000 25
2829780 -9220821 -6579867 1151374 6240530 1555807 -4554089 3418415 -8591228 2429471 5578636 768977 -3827513 6217699 -9192408 -6120736 -5770965 -5601523 4065270 1523932 8838060 -8120320 -6734676 1194195 6265032
887 135 667 925 90 376 657 11 252 328 879 288 757 538 901 838 300 671 820 480 17 727 258 673 725
1000 5
65536 1 -524288 8388608 -64
936 999 872 206 968
1000 5
65536 1 -64 -524288 8388608
936 999 968 872 203
1000 25
5431020 -3845431 -512 -4270240 -1508997 957596 65536 3823869 8919580 3185917 -7515615 115366 -5985822 -524288 -8370459 1 1903492 -7886345 -5035325 1441006 -1175664 -9607941 2534455 -3045205 -1674389
222 125 984 293 23 833 968 268 4 699 461 458 523 744 294 999 387 70 301 253 103 195 16 105 26
1000 25
736923 3489592 -7461491 -7753808 -1016380 -8698944 7639325 1296812 6634523 -2585149 -4177398 -5224974 -3026086 2718736 9681843 -2068276 8184523 2581942 -5867355 5439691 -1955247 4786132 2060135 5973687 -6452506
969 522 254 118 827 21 125 823 298 591 511 445 575 585 9 710 63 628 405 436 801 497 794 382 327
1000 25
-1 7967126 2982019 -1248936 128 2593782 -6088712 554089 589973 5833979 -65536 2776771 -2243930 5781488 524288 -2705863 7808964 6969751 -3132915 1306846 -1131182 6040044 5201657 2037238 -8260303
999 176 206 646 984 532 308 558 544 386 968 475 657 175 872 510 164 758 61 491 406 490 525 232 152
1000 25
4887812 -23083 4469716 -2128766 2876461 -4062472 -1439345 277107 7532262 1111801 -8733049 -6551580 -5337280 -6901761 8723505 -9333971 2963537 5326181 -5824278 84787 3132722 7930541 3051429 -1378618 -2485790
678 596 732 321 593 803 91 61 932 136 544 294 312 625 111 922 648 53 761 508 969 553 81 430 598
1000 25
-1657490 524288 9325560 9514503 7341561 3803119 3568920 4201290 -2790887 8197452 -1 7864584 2623617 8388791 1557872 -131072 1565730 4484448 6084278 7615823 128 2242189 -4665897 -633300 723644
205 872 574 299 497 288 110 131 331 639 999 181 251 677 245 936 797 713 421 516 984 319 187 19 331
1000 25
-6140151 -8927067 3699383 7277547 -2213848 -7534122 -4248836 -1776287 -2846071 2948089 8542582 -8291101 9616477 -239708 5947908 -9779573 1620728 3168335 -3128058 8259021 2783152 -5475223 -3616482 4314165 1918235
245 42 389 232 785 228 347 854 705 622 89 189 41 954 257 28 890 507 508 203 765 289 504 330 827
1000 25
-4808097 3173054 1361104 -7934579 -2796687 -4844955 2819927 5421415 -7760034 -2507657 9393288 6454843 2080064 -5525815 8838965 6966750 -5021974 -4552506 -4162550 -2869424 6067035 8021648 -4266678 3747554 6179453
715 55 516 950 979 828 601 582 265 404 111 398 537 696 722 482 100 554 613 172 196 801 554 829 889
1000 25
100049 9080432 9861667 -9362387 -9794195 -5753059 -5274830 -8683668 7174504 8255875 -8146396 -9299503 9304899 -4599413 7909766 5260912 -1381519 9685190 -2529156 -7482387 -3312515 3310562 3443788 2526746 5409125
992 230 8 109 103 558 619 314 549 316 412 170 164 719 498 705 982 104 938 530 887 912 887 971 583
1000 16
3315580 973373 -64 -5898644 -377124 -9545316 5057351 -50580 -4554631 -5693691 2739567 262144 -5386814 1 -524288 -7800003
335 59 984 63 232 16 198 131 91 480 272 936 516 999 744 602
1000 25
228829 -2634970 -7358924 9385592 -6461295 1135522 -4391669 -108417 -4680786 -3272288 5888203 42004 8849762 -4563741 7619665 2893232 7563683 5323923 -1056946 -8968942 -513328 -2506053 -210473 -4478412 -6362995
140 677 621 346 841 105 693 547 262 86 23 113 73 568 615 219 779 954 373 98 116 627 940 926 971
1000 25
-1 2958726 1509080 -2871673 -1048127 -16384 3662213 9267738 8249704 2967916 -1853569 7204001 524288 -214810 512 2010445 -444717 -176321 -821844 5892268 353635 -4752316 8543044 -2487551 -2672286
999 165 233 196 560 968 343 259 123 73 382 7 488 487 984 59 488 205 485 183 80 440 270 530 297
1000 25
1 3746674 -1838449 281618 -7677557 -6745408 -7990991 1792120 -2784866 4585801 7311265 4095063 -1305899 -7290749 1614484 -128 5383479 3349062 -5213772 -438253 3380363 1532151 -524288 479676 65536
999 321 428 940 195 311 276 65 60 64 15 90 106 252 562 984 51 566 194 487 379 799 488 60 968
1000 5
8388608 -524288 65536 1 -64
202 872 936 999 968
1000 5
524288 -1 -8388608 -65536 64
872 999 205 936 968
1000 5
-65536 64 -8388608 524288 -1
936 968 206 872 999
1000 5
524288 -65536 64 -8388608 -1
872 936 968 202 999
1000 25
6154538 9439575 -1565319 -9125170 9454990 -7434317 -665252 -8989632 -7359667 5226350 -4382776 -3898020 7738453 9110363 -4362811 2076027 6637628 -6346864 4686216 2505150 -9395639 -2335467 -8921810 -8945505 9860736
322 166 869 674 246 334 254 448 219 762 268 379 759 734 781 714 884 84 387 213 115 401 689 690 375
1000 5
524288 64 -1 -65536 -8388608
872 968 999 936 203
1000 5
64 -1 524288 -8388608 -65536
968 999 872 205 936
1000 5
64 -8388608 -65536 -1 524288
968 204 936 999 872
1000 25
-866688 3515555 2052118 -1016054 -861434 1691516 524288 1085294 8309 1157961 -1 1098513 8 87376 -709115 203834 -208221 -8192 147955 853043 -710853 -287684 1541270 -240625 1202491
120 84 7 171 109 322 488 187 189 179 999 332 992 433 328 428 277 744 47 298 328 109 97 571 41
