500
1 1
1 4 3 2
1 3
1 8 2 7 3 4 5 6
2 2
8 1 4 5 2 3 7 6
1 1
1 3 2 4
1 69
135 136 51 50 59 60 86 55 74 73 115 114 120 19 124 17 106 105 89 52 77 62 97 42 107 108 3 2 1 140 48 47 87 88 45 94 54 53 137 4 12 13 29 28 57 58 31 32 127 14 11 128 134 5 15 126 125 16 119 22 104 37 34 33 85 84 133 132 70 69 23 116 75 76 118 117 38 39 102 103 111 110 112 113 95 44 49 92 10 129 98 99 139 138 46 93 90 91 30 109 80 79 83 56 130 9 72 67 18 121 101 100 82 81 36 35 41 40 68 71 24 25 96 43 78 61 27 26 123 122 66 65 64 63 131 8 6 7 21 20
97 1
11 186 182 15 170 169 122 75 10 9 93 94 56 141 48 149 113 114 98 101 159 160 72 71 112 85 152 47 77 78 55 142 127 128 139 140 87 86 153 46 82 81 164 35 57 58 26 171 6 193 115 116 163 36 177 176 1 196 135 62 19 180 45 154 136 61 100 99 41 42 17 18 95 102 131 68 79 120 146 51 97 96 179 178 49 50 188 187 4 5 60 59 119 80 3 194 69 130 74 123 155 156 103 104 162 161 52 53 150 151 73 126 168 29 67 132 21 20 158 157 91 90 44 43 175 174 189 8 64 63 191 190 28 27 165 34 148 147 38 37 125 124 105 92 138 137 89 108 106 107 66 65 16 181 143 144 184 185 166 31 40 39 195 2 14 183 88 111 133 134 32 33 22 23 121 76 118 117 109 110 83 84 12 13 25 172 24 173 30 167 192 7 70 129 145 54
10 7
11 20 8 23 29 6 25 24 31 4 13 18 1 34 12 19 26 27 15 14 17 16 10 21 32 3 30 5 22 9 7 28 2 33
100 1
101 102 159 44 80 123 177 26 27 176 91 112 142 61 29 174 51 152 124 79 163 40 201 2 54 149 45 158 108 95 56 147 100 103 115 88 156 47 60 143 50 153 72 131 5 198 15 188 199 4 190 13 187 16 104 99 62 141 82 121 194 9 36 167 37 166 64 139 10 193 6 197 175 28 70 133 132 71 38 165 107 96 154 49 126 77 85 118 3 200 195 8 192 11 33 170 179 24 144 59 52 151 35 168 90 113 186 17 41 162 125 78 87 116 57 146 189 14 164 39 145 58 182 21 119 84 136 67 1 202 169 34 122 81 42 161 160 43 83 120 109 94 19 184 127 76 181 22 130 73 46 157 30 173 171 32 117 86 111 92 138 65 185 18 178 25 7 196 129 74 155 48 55 148 128 75 134 69 31 172 191 12 135 68 180 23 93 110 183 20 97 106 66 137 140 63 150 53 98 105 114 89
12 7
27 28 4 3 12 15 30 17 5 2 6 1 25 24 8 7 21 22 10 37 32 33 11 16 35 36 9 38 29 18 26 19 31 34 20 23 14 13
7 13
3 2 19 18 32 39 36 35 8 31 21 22 13 16 23 24 12 17 15 14 33 38 7 6 9 30 27 20 10 11 29 28 26 25 4 5 1 40 34 37
4 9
13 12 11 14 18 19 6 1 22 21 4 3 7 10 25 26 20 17 5 2 23 24 15 16 8 9
20 5
15 40 38 39 45 44 32 31 29 30 42 43 35 24 17 16 13 12 34 33 50 49 22 23 28 27 37 36 48 47 1 2 5 6 10 11 8 9 3 4 19 18 14 41 26 25 20 21 7 46
33 3
58 59 29 24 25 26 20 19 45 50 2 1 66 65 14 23 42 41 17 16 48 49 30 35 3 8 22 15 21 18 61 60 31 32 47 46 53 52 68 67 9 72 69 44 33 34 38 43 55 56 4 5 70 71 36 37 51 54 27 28 64 63 7 6 12 11 10 13 39 40 62 57
33 3
2 5 65 66 39 40 15 16 7 8 18 17 69 70 36 35 41 48 14 21 4 3 49 50 29 56 31 32 52 51 23 24 37 34 47 42 60 59 1 6 30 55 28 27 63 64 67 62 19 20 43 44 38 33 68 61 11 12 26 25 45 46 72 9 53 54 71 10 58 57 22 13
11 6
11 12 27 26 21 22 16 17 9 2 19 18 34 33 32 31 28 29 24 23 15 14 25 30 20 1 5 4 13 10 6 7 8 3
10 10
11 10 36 35 16 15 39 14 32 33 8 3 22 23 17 26 37 34 19 24 6 5 20 21 4 7 28 29 1 40 31 38 27 30 12 13 25 18 9 2
5 6
13 18 3 22 14 15 8 11 2 1 9 10 17 16 21 4 7 6 20 19 12 5
25 4
37 36 24 25 43 42 57 58 41 40 44 21 28 27 14 15 33 32 29 34 22 23 53 54 45 46 48 47 30 31 3 6 7 8 19 20 55 10 17 16 5 4 9 2 1 56 51 50 13 52 38 39 11 12 35 26 18 49
3 33
44 45 26 27 19 20 23 22 59 8 11 58 63 60 28 41 2 3 42 21 24 25 5 6 51 50 16 17 12 55 39 36 34 35 61 62 43 46 57 56 52 53 15 14 38 37 47 48 32 31 49 18 29 40 70 69 9 10 7 4 64 1 65 66 13 54 72 67 71 68 33 30
3 33
38 35 20 17 47 48 49 44 43 24 39 34 70 69 42 31 45 46 33 32 37 36 21 16 29 28 2 5 66 65 50 23 60 57 68 67 56 13 6 7 11 8 26 25 12 63 9 10 14 53 1 72 58 59 4 3 54 55 18 19 71 64 61 62 30 27 15 52 22 51 40 41
100 1
1 202 165 164 100 103 136 67 33 34 155 48 16 15 13 192 27 178 26 25 181 182 147 58 88 115 125 78 54 55 36 167 152 53 149 56 72 133 162 41 188 17 24 23 47 46 116 87 3 2 118 119 99 106 96 107 94 95 159 44 128 75 31 32 101 102 4 199 198 197 175 176 196 7 21 184 14 191 105 104 160 161 180 179 173 30 84 85 77 76 90 89 183 22 177 28 43 42 195 8 121 82 5 6 120 83 190 189 37 38 187 186 130 73 122 123 145 144 109 108 52 51 60 61 174 29 70 71 35 170 117 86 65 64 143 142 141 140 39 166 80 79 150 151 134 135 163 40 113 112 132 131 111 110 148 57 97 98 156 157 68 69 168 169 63 62 172 171 153 154 193 12 200 201 114 91 19 20 126 127 66 137 81 124 50 49 129 74 185 18 194 9 138 139 59 146 158 45 10 11 93 92
10 10
3 4 6 7 20 21 29 30 33 32 19 22 9 2 14 25 31 34 17 24 27 40 26 1 11 12 23 18 36 37 28 39 16 15 8 5 35 38 10 13
1 99
190 9 119 78 133 132 191 192 16 183 141 142 12 11 199 198 97 102 130 129 57 58 61 136 147 52 143 56 169 168 31 30 167 34 29 170 164 37 47 150 93 106 112 111 124 125 174 175 42 159 157 156 99 100 122 77 87 88 74 123 144 55 33 32 67 68 128 69 195 196 20 181 149 48 160 161 118 79 193 8 176 25 83 84 114 85 28 171 19 182 110 89 173 26 152 153 76 75 49 50 103 94 137 60 82 117 92 107 105 104 145 54 91 108 188 13 166 165 134 135 17 18 90 109 163 38 139 140 35 36 72 73 127 70 1 200 187 14 65 64 194 5 15 186 131 66 44 45 96 95 98 101 185 184 121 120 115 116 197 2 71 126 80 81 148 51 189 10 178 23 4 3 21 180 53 146 63 62 24 177 158 43 155 154 86 113 7 6 162 39 138 59 151 46 172 27 179 22 40 41
10 1
12 9 1 2 3 4 5 22 10 11 14 13 6 7 16 15 18 21 17 8 19 20
6 3
7 6 18 1 11 10 8 9 14 17 5 12 16 15 4 3 2 13
49 2
27 26 101 102 9 8 19 84 73 72 33 32 50 49 75 74 90 91 6 5 43 42 89 14 21 20 64 41 1 2 65 66 45 62 61 46 93 94 71 70 86 87 59 58 78 29 12 95 60 57 88 85 96 11 31 76 30 77 23 80 22 83 98 7 47 48 39 40 63 44 15 16 34 69 35 36 10 97 56 51 99 100 37 38 24 25 92 13 67 68 17 18 55 52 79 28 53 54 4 3 81 82
11 3
22 23 28 1 9 8 21 10 14 15 16 13 12 11 26 25 6 7 3 4 5 2 18 17 24 27 19 20
14 7
38 5 31 30 4 39 14 15 41 2 7 36 40 3 34 35 23 12 25 10 28 29 33 32 19 18 20 21 37 6 27 8 22 13 17 16 24 11 42 1 9 26
6 15
5 6 14 19 16 15 31 8 23 24 4 1 21 26 33 34 41 40 36 39 11 10 18 17 27 20 38 37 25 22 35 32 13 12 28 29 7 42 9 30 2 3
14 7
10 11 20 19 2 1 26 25 42 5 27 34 12 17 9 8 13 14 32 33 21 22 30 31 16 15 18 37 24 23 41 6 28 29 39 40 35 36 7 38 4 3
4 10
2 5 27 26 1 28 3 4 23 22 9 8 24 19 7 10 12 17 25 6 18 11 14 13 21 20 15 16
10 10
35 36 30 29 16 17 33 20 32 31 12 9 14 13 7 4 28 23 39 38 8 37 10 11 27 26 21 22 19 34 18 15 24 25 2 1 6 5 40 3
2 14
29 30 24 23 32 1 14 17 20 19 3 4 10 9 31 28 16 15 27 22 6 5 18 21 2 11 12 13 25 26 8 7
10 10
12 13 19 20 26 25 28 23 15 16 24 27 6 5 38 1 32 31 29 30 11 14 36 35 21 18 40 39 33 34 22 37 9 10 7 8 2 17 4 3
6 16
25 18 10 11 31 30 34 41 5 12 32 33 23 24 29 28 38 37 13 4 36 35 15 14 44 1 3 16 21 22 6 9 26 27 8 7 19 20 2 17 40 39 43 42
16 6
40 39 24 27 37 36 29 30 33 32 16 9 34 3 35 38 42 41 13 10 20 31 17 8 4 5 19 18 14 15 2 43 23 28 7 6 25 26 21 22 11 12 44 1
2 33
14 13 63 62 67 68 19 50 61 60 70 69 1 2 38 39 32 37 34 35 21 46 5 6 58 57 25 24 10 11 42 43 47 20 8 9 55 54 41 40 64 7 45 44 49 48 27 26 66 65 33 36 56 53 52 51 59 12 4 3 22 23 17 18 16 15 28 31 30 29
10 10
30 33 31 32 15 10 24 35 29 34 17 36 12 13 6 5 2 1 20 19 25 26 37 16 18 23 40 3 38 7 22 21 28 27 14 11 4 39 9 8
20 3
11 46 13 12 28 29 2 1 10 7 45 44 24 23 35 36 34 33 20 39 8 9 19 18 31 32 42 43 15 14 3 4 41 40 22 21 26 27 5 6 37 38 30 25 17 16
7 14
36 39 14 13 28 29 34 33 3 2 16 19 30 35 27 26 37 38 32 31 23 24 15 12 40 41 11 10 42 1 18 17 7 8 21 20 4 9 25 22 6 5
6 7
11 1 3 12 23 20 2 8 16 26 15 13 7 5 21 19 14 10 6 17 25 9 4 18 24 22
3 24
47 48 40 39 20 19 26 1 13 14 25 2 16 15 3 4 7 8 50 53 10 9 36 35 38 37 28 27 43 44 41 42 12 11 54 49 45 46 31 32 5 6 29 30 24 23 22 21 51 52 18 17 33 34
14 6
31 32 26 25 11 10 23 24 2 7 34 33 37 30 22 21 36 35 40 1 17 16 6 5 19 38 13 12 18 39 29 28 14 15 3 4 27 20 9 8
16 6
44 5 40 17 42 9 21 22 26 25 18 31 28 29 24 27 2 1 11 10 39 34 19 30 41 16 6 43 3 4 37 36 14 15 13 12 20 23 38 35 32 33 7 8
1 100
193 192 79 122 41 42 20 19 80 81 198 5 6 197 28 175 135 136 57 146 30 173 70 69 2 1 138 139 76 77 123 78 120 121 163 38 56 55 128 75 161 162 189 12 194 195 25 26 117 86 129 72 130 71 172 171 49 50 54 149 22 21 83 82 88 87 184 185 152 151 92 109 29 174 34 169 33 32 183 18 68 67 118 119 13 188 182 181 126 127 201 202 11 10 51 52 124 125 24 177 156 45 154 153 64 65 63 140 114 89 94 93 97 96 150 53 112 91 158 157 23 178 147 148 108 95 105 98 180 179 14 15 145 144 132 131 167 168 137 66 107 106 31 170 111 110 61 60 186 187 99 104 16 17 40 39 160 43 85 84 103 102 116 115 8 9 141 62 101 100 36 37 133 134 200 3 46 47 196 7 143 58 190 191 74 73 4 199 166 35 165 164 113 90 142 59 48 155 27 176 159 44
6 16
41 4 35 10 16 29 9 36 21 24 14 31 3 42 38 7 26 19 30 15 8 37 43 2 32 13 34 11 20 25 39 6 27 18 33 12 44 1 23 22 28 17 40 5
5 13
11 10 35 32 30 31 36 1 29 28 7 8 24 25 26 27 4 5 18 17 9 22 12 21 33 34 16 15 14 13 19 20 23 6 2 3
7 14
28 19 15 18 9 6 25 22 2 39 17 16 12 31 29 30 26 27 40 1 41 42 11 10 20 21 5 38 24 23 33 32 13 14 8 7 3 4 35 36 37 34
4 10
17 16 26 27 2 3 6 7 22 21 25 24 11 8 20 23 1 28 5 4 12 13 15 14 10 9 18 19
15 3
23 16 22 21 18 19 15 34 9 10 2 3 4 5 6 35 8 7 33 32 36 1 20 17 31 26 12 11 24 25 29 28 13 14 27 30
9 10
9 2 13 22 6 7 29 30 24 23 31 12 32 35 37 10 15 16 19 18 4 5 20 17 27 28 26 25 36 11 21 14 38 1 34 33 3 8
14 7
35 28 39 24 27 38 14 7 25 26 34 29 42 21 4 5 40 41 8 9 37 36 2 3 13 12 33 32 20 19 17 18 30 31 16 15 10 11 23 22 1 6
25 2
8 9 51 50 6 7 54 53 42 43 21 38 20 19 35 22 14 15 2 3 5 48 39 40 44 45 46 47 12 11 32 33 49 4 37 36 23 24 28 27 30 29 18 41 34 31 25 26 10 13 1 52 17 16
6 6
13 14 15 10 20 19 1 2 17 16 5 4 9 6 3 24 22 21 7 8 12 11 18 23
3 10
5 2 13 8 15 16 22 23 26 19 24 21 9 12 11 10 14 17 6 7 3 4 1 18 20 25
39 2
23 10 59 60 82 1 28 33 40 41 49 50 4 9 74 75 78 77 5 8 18 15 16 17 81 24 45 48 66 61 73 68 26 25 21 22 37 38 14 13 29 32 7 6 58 39 55 52 43 44 27 34 20 19 63 64 80 67 57 56 69 72 70 71 12 11 79 76 35 36 54 53 65 62 46 47 51 42 3 2 31 30
1 41
43 40 27 26 83 2 62 63 71 70 3 78 42 41 16 17 76 5 84 1 32 51 38 37 46 45 4 77 57 56 60 61 10 9 81 82 21 22 52 53 8 11 59 20 7 6 50 33 35 36 69 12 25 24 55 54 75 74 68 67 13 14 30 31 39 44 15 64 34 47 73 72 58 23 49 48 19 18 79 80 65 66 28 29
6 16
27 26 10 29 25 22 30 5 44 43 40 41 38 33 35 34 3 4 12 15 28 11 18 17 8 9 6 7 36 37 31 2 42 1 32 39 24 23 21 16 19 20 13 14
3 6
8 7 10 9 13 12 11 16 6 3 15 14 5 4 2 17 1 18
14 3
34 31 2 29 6 3 22 23 30 1 14 15 20 21 32 33 26 17 7 28 12 9 24 25 19 18 4 5 10 11 16 13 27 8
15 4
30 27 18 23 32 37 24 25 31 8 6 7 1 38 29 28 3 4 14 9 13 10 36 35 12 11 17 26 33 34 20 21 22 19 15 16 2 5
3 16
3 4 9 6 10 11 20 21 23 26 32 35 33 34 15 14 27 28 12 13 37 38 29 30 31 22 25 24 36 1 7 8 16 17 2 5 19 18
4 5
15 14 18 1 6 7 16 11 2 3 9 10 8 17 13 12 5 4
3 18
12 11 23 20 31 32 4 3 22 21 34 33 30 29 26 25 28 13 27 14 2 35 1 42 24 17 38 41 16 15 9 10 37 36 8 7 40 39 19 18 5 6
5 10
25 24 12 21 26 23 17 16 8 11 28 29 15 18 6 5 20 19 14 13 10 9 30 3 2 1 27 22 7 4
4 24
52 47 7 10 36 29 46 3 9 8 51 50 24 37 13 6 20 21 19 16 4 5 14 23 12 11 2 53 30 31 45 44 34 35 25 26 43 42 41 40 28 27 22 15 56 1 54 55 49 48 39 38 18 17 33 32
7 11
36 35 31 22 30 23 3 34 12 5 21 20 33 32 7 10 18 17 13 4 6 11 1 2 24 25 9 8 19 16 27 28 14 15 29 26
3 33
14 63 36 33 6 7 9 72 49 24 47 46 55 18 16 17 50 23 69 70 66 65 11 12 15 56 5 8 22 51 40 41 32 37 42 29 3 4 35 34 52 21 59 62 25 44 64 71 53 20 54 19 10 13 43 28 30 39 67 68 2 1 61 60 57 58 27 26 45 48 38 31
6 16
5 40 2 41 27 30 17 16 10 15 19 32 36 37 1 42 7 6 4 3 23 24 44 43 29 28 22 25 11 14 33 34 13 12 35 38 20 31 8 39 9 18 21 26
10 2
9 8 22 23 6 7 14 13 20 21 10 11 18 1 16 17 2 3 4 5 19 24 12 15
3 33
68 67 39 38 36 37 25 24 60 61 72 1 11 12 23 52 45 44 7 6 70 71 19 54 21 22 47 46 65 10 9 8 32 35 2 69 4 5 56 55 63 64 62 59 29 30 31 40 18 17 57 58 20 53 26 41 33 34 15 16 51 50 48 49 28 27 13 14 42 43 3 66
15 4
12 13 29 30 27 28 4 3 1 38 10 5 17 18 31 32 21 22 2 37 11 14 36 35 23 24 34 33 15 16 6 7 20 19 8 9 25 26
6 16
40 41 11 26 12 25 10 9 16 15 13 14 21 24 1 2 22 23 44 37 20 19 30 29 3 36 4 33 8 7 6 5 38 39 31 32 34 35 17 18 28 27 42 43
6 16
6 5 14 17 12 19 2 41 9 10 32 35 39 24 34 33 28 29 38 31 23 22 25 26 36 37 3 40 30 27 44 1 42 43 20 11 8 21 15 16 4 7 18 13
33 3
49 48 45 30 46 47 60 59 28 51 11 10 63 14 9 66 20 19 8 7 55 56 37 36 57 58 27 24 72 1 23 22 62 15 31 44 42 43 71 70 5 6 38 41 54 21 34 35 13 12 64 65 16 61 2 3 50 29 26 25 67 68 33 32 4 69 39 40 17 18 52 53
2 49
84 21 10 9 16 15 29 76 35 68 85 18 93 94 72 73 30 31 47 50 88 87 64 65 67 66 14 13 34 33 11 12 4 99 44 43 80 23 42 41 32 69 75 74 100 3 58 45 62 61 40 39 17 86 25 24 19 20 97 98 26 27 102 1 92 91 28 77 95 8 82 81 101 2 6 7 22 83 96 5 53 54 59 60 48 49 90 89 51 52 36 37 63 38 70 71 55 56 46 57 79 78
4 16
40 39 28 27 21 8 14 17 22 7 31 30 37 36 24 25 38 1 34 29 10 9 20 11 16 15 4 3 12 13 2 5 35 6 26 23 32 33 19 18
5 2
2 13 1 14 3 6 10 7 12 11 8 9 4 5
25 4
55 56 15 48 23 24 18 19 57 58 29 32 45 20 53 52 31 30 22 21 7 8 17 16 36 35 26 27 47 46 11 54 2 3 5 6 51 14 44 43 10 9 39 42 38 37 34 33 49 50 4 1 25 28 13 12 40 41
25 4
14 13 36 41 28 29 47 48 35 32 51 50 22 23 37 38 58 1 54 55 3 2 11 56 49 52 7 6 57 8 45 44 16 19 40 39 25 24 30 31 27 26 46 15 53 12 18 17 10 9 42 43 33 34 20 21 5 4
20 5
38 17 32 33 23 20 43 16 7 4 41 42 36 37 5 6 50 49 15 44 9 8 22 21 46 45 26 27 14 13 12 47 34 31 25 24 28 29 1 48 19 18 39 40 11 2 30 35 10 3
3 24
45 44 8 11 27 28 42 39 2 1 51 52 25 24 37 38 18 43 20 21 22 19 14 17 12 13 33 36 48 7 9 10 3 54 30 31 5 4 49 6 35 34 26 29 32 23 16 15 47 46 50 53 40 41
4 25
29 30 43 42 33 32 16 15 35 36 34 23 58 57 46 13 10 9 1 56 2 3 14 37 55 54 27 26 38 39 20 19 4 5 48 47 52 53 25 24 50 51 49 6 31 28 44 45 21 22 40 41 12 11 7 8 17 18
8 10
31 28 23 22 11 12 30 29 21 20 3 4 10 13 16 19 18 17 15 14 7 6 34 33 2 1 8 27 9 26 5 36 32 35 25 24
6 16
8 9 4 3 1 2 26 31 37 36 27 28 18 21 35 32 17 38 41 40 42 39 6 5 24 23 16 13 14 15 7 12 20 19 44 43 33 34 10 11 25 22 29 30
7 13
25 26 2 1 12 11 24 27 28 7 17 16 3 4 38 37 30 29 35 34 18 15 39 32 36 33 13 10 20 21 8 9 5 6 14 19 22 23 40 31
33 3
21 20 10 11 66 67 44 45 1 72 60 61 29 28 55 54 23 22 14 15 32 33 31 30 41 40 69 68 34 35 50 51 47 46 37 36 58 59 38 5 26 27 57 56 24 25 63 62 49 48 70 3 18 19 52 53 43 42 2 71 16 17 4 39 65 64 7 6 8 9 13 12
16 6
20 13 12 1 27 34 7 6 43 26 11 2 21 24 37 40 32 29 38 39 42 35 5 8 4 9 19 14 33 28 23 22 30 31 16 17 18 15 36 41 10 3 44 25
33 3
71 70 44 45 39 40 59 58 42 43 36 37 54 53 62 63 28 27 31 30 38 41 48 35 34 33 15 16 66 65 21 20 7 10 14 11 50 51 19 18 49 52 24 25 23 60 32 55 4 3 57 56 68 67 47 46 2 1 29 26 5 72 22 17 9 8 64 61 6 69 12 13
14 7
35 36 21 26 18 19 31 32 14 15 33 30 8 7 2 11 16 1 13 12 42 41 23 22 20 17 24 25 3 10 6 9 5 4 34 29 27 28 38 39 40 37
4 24
37 12 13 14 42 41 38 39 28 29 6 7 45 44 9 8 43 10 19 20 3 2 26 27 40 11 51 50 56 1 4 55 47 46 30 31 5 48 33 32 36 15 17 18 49 52 21 16 35 34 22 23 53 54 25 24
3 16
24 23 35 34 15 14 30 31 18 19 21 20 36 33 26 25 38 37 32 1 10 11 22 29 8 7 9 6 3 2 4 5 28 27 13 12 17 16
14 7
31 40 25 42 1 14 18 21 27 30 23 16 9 6 11 4 39 32 41 26 13 2 28 29 37 34 33 38 19 20 8 7 24 15 12 3 35 36 17 22 10 5
5 20
43 50 1 2 39 38 40 17 35 18 13 6 42 3 33 34 27 28 15 16 22 25 21 30 45 46 12 9 44 47 32 19 41 14 24 23 11 10 26 29 37 36 4 5 20 31 49 48 8 7
1 13
27 28 10 17 21 8 20 19 6 7 22 23 9 18 5 4 13 12 2 1 25 26 14 15 16 11 3 24
4 7
18 17 10 11 22 13 20 15 21 14 1 6 5 4 12 9 3 2 8 7 16 19
1 10
17 18 3 4 11 12 9 10 1 22 16 15 8 7 19 20 14 13 2 21 5 6
23 3
38 37 34 33 20 19 10 9 17 18 40 39 25 26 31 32 8 7 12 11 1 6 14 13 21 22 42 41 36 35 52 27 45 46 5 2 28 51 15 16 47 48 4 3 24 23 50 49 29 30 43 44
10 10
19 22 10 7 16 13 3 2 31 24 23 18 21 20 17 12 9 8 1 38 36 35 5 34 39 40 25 26 15 14 4 37 28 27 11 6 30 29 33 32
10 4
20 21 18 19 22 23 27 16 24 25 8 1 9 10 26 17 28 15 3 6 5 4 12 11 13 14 2 7
16 6
12 13 11 14 5 2 19 18 38 37 41 6 10 9 44 1 31 26 34 33 21 22 3 4 16 17 25 20 40 39 43 42 7 8 23 24 28 27 36 35 15 32 29 30
14 7
30 41 31 34 17 14 7 8 27 2 11 4 36 39 18 25 24 21 40 35 13 26 3 12 19 20 32 33 29 42 5 10 22 23 28 1 37 38 15 16 9 6
32 3
56 57 43 42 55 54 4 67 39 36 66 63 48 49 19 18 52 25 37 38 30 27 41 34 9 8 23 22 3 68 50 31 28 29 65 64 13 14 26 51 16 15 21 24 58 53 6 5 20 61 33 44 62 17 59 60 46 47 10 11 69 2 70 1 12 7 45 32 40 35
14 7
38 5 16 27 29 14 8 35 33 10 24 19 13 30 6 37 36 7 39 4 3 40 12 31 22 21 11 32 2 41 1 42 18 25 23 20 28 15 26 17 34 9
1 3
3 6 2 7 8 1 4 5
28 3
38 31 6 7 25 46 18 47 57 60 44 43 21 22 53 12 24 23 49 48 13 52 26 27 15 16 59 58 50 17 32 35 20 19 5 4 29 30 9 10 55 8 11 54 56 61 42 45 14 51 3 2 39 28 34 33 40 41 36 37 1 62
1 100
169 32 143 142 105 96 53 52 100 101 113 112 124 77 46 155 23 180 187 16 159 160 63 138 123 78 136 65 48 153 145 144 88 115 24 25 37 36 6 7 104 99 182 181 118 119 13 188 175 176 197 198 64 137 10 11 67 134 75 74 117 116 41 42 191 190 133 68 162 161 114 89 177 26 146 147 45 158 110 91 35 166 81 80 140 61 97 98 120 83 59 58 168 33 167 34 154 47 87 86 71 70 30 31 27 174 85 84 111 90 69 132 194 195 44 43 82 121 17 186 108 107 122 79 38 165 15 14 4 3 178 179 151 152 94 93 2 1 150 51 202 201 106 95 196 5 56 57 199 200 139 62 19 184 130 131 55 148 12 189 127 76 73 72 185 18 49 50 192 9 149 54 109 92 163 40 183 20 173 28 135 66 126 125 156 157 29 172 193 8 164 39 141 60 22 21 128 129 171 170 102 103
14 6
32 33 5 6 12 15 29 28 22 21 13 14 19 18 40 3 27 26 2 1 16 17 37 10 38 39 34 11 24 25 31 30 35 36 4 7 20 23 9 8
33 3
44 39 62 63 42 43 2 71 66 67 40 41 7 6 50 51 19 24 11 56 16 17 26 33 30 31 9 8 53 48 57 10 35 34 20 21 22 23 15 14 49 52 68 69 27 32 37 36 54 55 46 47 38 45 29 28 70 3 72 1 65 4 58 59 64 5 18 25 61 60 12 13
9 10
35 36 17 24 7 8 10 11 2 3 4 1 23 18 38 5 34 31 12 13 16 25 21 20 9 6 33 32 22 19 37 30 28 29 26 27 14 15
10 10
19 22 10 31 39 2 16 25 27 14 6 35 34 7 13 28 18 23 1 40 15 26 9 32 17 24 21 20 12 29 38 3 11 30 8 33 4 37 5 36
86 1
100 75 126 125 39 38 87 86 51 122 44 45 2 173 161 14 49 50 137 136 27 148 76 97 103 102 54 119 12 163 96 77 130 131 99 98 120 121 47 46 106 69 79 78 111 64 159 158 144 31 139 138 80 95 156 21 170 169 153 22 85 88 101 74 19 20 108 65 90 83 17 16 82 93 128 129 134 135 140 37 18 157 164 11 33 32 117 118 7 168 141 142 56 55 8 9 105 104 24 23 109 110 63 112 81 94 10 167 155 154 3 4 28 29 127 48 162 13 145 30 43 42 40 41 133 132 166 165 172 171 116 115 150 149 71 70 60 59 5 6 160 15 107 66 92 91 57 58 62 61 1 174 114 113 35 36 52 53 73 72 147 146 26 25 151 152 84 89 124 123 67 68 34 143
3 33
33 32 54 19 16 17 48 21 22 47 59 58 52 53 64 7 25 30 34 37 66 71 60 57 36 35 4 5 45 44 28 27 3 6 15 14 39 40 49 20 9 10 11 8 69 68 24 23 29 26 1 72 55 12 65 2 56 63 70 67 31 42 50 51 62 61 13 18 38 41 46 43
25 4
16 45 17 18 52 53 4 5 42 43 46 47 48 15 34 33 9 10 39 38 25 28 21 22 12 11 51 50 36 35 6 3 23 24 32 29 14 49 30 31 44 19 56 55 54 13 26 27 7 8 1 58 41 20 2 57 37 40
4 4
8 9 3 2 10 5 6 7 12 1 4 11 16 13 15 14
4 6
14 5 3 2 9 8 12 7 15 4 19 18 20 17 10 11 1 16 6 13
14 7
3 40 20 25 17 36 24 21 6 7 35 30 8 9 31 32 15 14 41 42 13 10 12 11 4 39 26 29 19 18 22 23 16 5 2 1 33 34 27 28 37 38
4 2
3 2 8 9 10 11 12 1 7 4 6 5
6 15
9 12 35 18 41 2 16 15 22 23 3 40 32 29 37 6 25 20 31 30 11 10 39 4 26 19 28 33 21 24 7 14 42 1 17 36 8 13 34 27 5 38
12 7
11 18 25 28 14 15 27 26 36 3 23 30 4 35 12 17 16 13 38 1 2 37 20 9 7 32 5 34 31 22 8 21 6 33 10 19 24 29
14 5
36 35 27 28 37 38 17 16 4 5 8 11 30 29 15 12 10 9 2 1 18 19 25 24 20 31 34 33 6 7 13 14 21 22 26 23 3 32
33 3
55 56 14 15 68 67 16 17 11 6 25 24 49 50 8 7 12 13 20 21 44 39 60 63 46 47 38 37 72 71 59 58 70 69 57 54 33 32 22 23 66 65 41 40 48 53 3 4 45 36 28 27 9 10 31 30 52 51 19 18 64 5 35 34 62 61 1 2 29 26 42 43
10 10
10 19 40 39 4 33 14 13 2 3 38 1 34 37 15 12 9 20 18 17 30 29 32 27 31 28 26 23 35 36 22 5 6 7 16 11 21 8 24 25
6 13
8 9 6 17 14 15 23 24 29 18 31 32 27 28 36 35 25 20 16 7 5 2 38 37 4 3 21 22 11 10 30 33 26 19 13 12 1 34
16 4
39 40 21 22 26 27 10 11 29 30 36 35 31 32 12 13 14 33 25 28 16 23 20 17 9 6 15 24 38 37 7 8 1 34 5 4 19 18 3 2
25 4
26 23 15 50 34 35 9 8 58 3 47 48 31 32 38 37 46 49 1 2 52 51 6 5 18 17 7 4 57 10 21 44 11 12 28 27 30 29 33 36 43 22 41 40 53 54 20 45 14 13 39 42 25 24 56 55 16 19
4 6
14 15 7 8 11 10 1 6 13 12 18 17 3 4 20 19 16 9 2 5
10 10
29 30 20 27 9 8 11 18 3 40 19 6 2 1 14 15 4 39 34 31 32 33 5 38 36 35 17 12 16 13 25 24 23 22 37 28 21 26 7 10
10 3
5 4 23 24 11 10 12 13 2 1 3 6 16 15 19 18 14 21 8 7 25 26 22 9 20 17
10 10
35 34 8 9 30 31 21 20 33 10 19 22 32 29 37 38 2 1 26 27 24 25 36 39 11 12 13 14 7 40 3 4 18 17 16 15 6 5 28 23
3 33
48 25 63 10 7 66 20 53 29 44 69 4 18 55 13 60 56 17 51 22 31 42 38 35 28 45 64 9 36 37 3 70 30 43 11 62 21 52 14 59 24 49 33 40 19 54 61 12 8 65 16 57 15 58 68 5 67 6 41 32 46 27 71 2 39 34 26 47 50 23 72 1
16 6
42 3 18 39 34 35 11 10 6 5 25 26 17 14 15 16 43 2 19 38 23 20 13 40 8 7 27 28 31 36 9 4 44 1 22 21 24 29 33 32 37 30 41 12
7 4
12 11 13 2 22 1 10 5 19 20 8 7 6 9 18 17 14 21 16 15 4 3
4 8
24 1 20 19 5 14 13 12 2 23 17 18 4 3 8 9 10 11 6 7 15 16 22 21
19 3
25 26 2 5 12 11 33 30 39 38 7 6 9 8 1 44 15 14 20 19 3 4 22 21 18 17 16 27 43 42 41 40 35 34 36 13 37 10 32 31 29 28 23 24
1 99
64 135 191 190 92 93 77 122 25 24 48 49 44 45 19 20 34 33 175 26 184 183 30 29 169 168 129 68 151 46 2 199 137 138 181 182 57 142 40 157 47 150 51 146 116 115 84 83 71 126 14 185 91 106 22 21 70 69 18 17 132 133 28 171 75 76 100 99 127 128 108 109 156 155 148 149 110 89 10 189 12 187 174 173 112 87 123 74 11 188 163 164 105 104 52 145 180 179 117 118 154 43 32 167 9 192 170 31 186 13 134 65 120 121 4 195 5 6 1 200 159 38 54 53 113 86 141 140 107 90 125 72 88 111 193 194 176 23 119 80 37 36 172 27 197 198 160 161 124 73 97 98 130 131 95 96 58 59 196 3 101 102 60 139 15 16 82 81 152 153 66 67 143 56 7 8 62 61 166 165 114 85 136 63 78 79 144 55 41 42 177 178 147 50 158 39 94 103 35 162
4 24
20 21 10 11 6 7 49 54 19 22 23 26 33 34 27 28 44 45 30 31 14 39 3 2 36 37 5 4 25 24 55 56 42 43 15 16 46 47 40 9 48 1 38 17 50 53 41 8 18 35 32 29 51 52 13 12
6 13
34 33 25 24 11 16 13 12 17 18 31 32 4 35 10 9 22 21 8 7 36 3 26 23 1 2 20 19 27 28 15 14 5 6 29 30 38 37
3 27
16 17 52 3 26 27 30 33 10 9 60 1 24 29 23 34 54 59 50 49 28 25 14 43 21 36 46 51 48 47 56 55 19 20 7 4 37 38 40 15 39 18 45 8 35 22 12 13 57 58 42 41 31 32 44 11 6 5 2 53
10 10
5 2 35 32 16 15 10 9 28 27 31 38 7 26 6 1 3 4 12 13 23 14 39 40 22 21 11 24 36 37 33 34 17 20 25 8 30 29 18 19
10 10
25 16 6 35 9 32 38 3 2 39 33 8 1 40 4 37 5 36 23 18 21 20 17 24 13 28 31 10 12 29 19 22 34 7 15 26 30 11 27 14
6 3
13 16 18 1 4 5 2 7 6 3 11 10 14 15 12 17 8 9
4 25
7 50 10 41 31 32 26 21 29 30 12 11 1 2 14 17 4 3 5 6 24 25 37 18 13 40 53 56 16 15 38 39 48 49 42 43 28 27 46 47 36 35 23 22 8 9 33 34 58 57 20 19 54 55 44 45 51 52
3 26
51 52 54 53 55 58 45 12 37 38 43 42 47 46 26 35 34 27 4 5 14 15 56 57 28 31 1 2 7 48 18 17 39 40 23 24 3 6 32 33 41 16 19 20 49 50 13 44 8 9 11 10 29 30 21 36 25 22
2 50
30 73 19 84 78 27 9 10 79 80 38 39 14 13 64 37 44 45 21 20 17 18 81 22 74 75 2 99 5 98 31 72 3 4 40 63 95 96 100 1 68 33 25 26 12 11 71 32 86 85 87 16 6 97 29 28 50 53 24 23 90 89 77 76 69 70 35 34 93 94 92 91 67 36 7 8 49 56 66 65 61 62 59 58 15 88 60 43 54 55 83 82 47 46 48 57 104 101 52 51 41 42 103 102
13 5
23 24 6 5 21 34 1 10 9 2 36 19 11 12 7 4 28 27 29 30 20 35 13 14 18 17 22 33 25 26 31 32 3 8 16 15
5 20
36 11 14 15 9 10 22 21 16 17 29 30 13 34 50 49 32 33 37 38 41 6 28 23 18 31 12 35 1 2 27 26 45 46 25 24 4 5 43 42 48 47 40 39 7 8 3 44 19 20
50 1
80 25 73 72 58 57 74 33 81 24 61 44 83 82 98 97 49 50 32 31 37 68 20 85 9 8 35 34 86 17 47 56 95 12 89 90 19 18 36 69 1 2 3 4 79 26 42 43 78 27 16 87 45 46 71 70 7 96 5 6 94 93 28 29 99 100 30 77 67 66 51 52 41 40 101 102 13 14 53 54 22 23 63 64 65 62 76 75 59 60 38 39 91 92 11 10 21 84 48 55 88 15
5 20
6 5 19 20 11 10 27 24 14 41 30 29 42 7 25 26 46 47 18 17 4 45 9 8 16 23 38 15 13 12 48 3 40 39 50 49 37 36 34 35 31 32 21 22 28 33 2 1 44 43
5 10
14 15 11 10 25 24 4 5 23 26 20 19 28 29 27 6 17 16 7 12 18 13 8 9 2 3 1 30 21 22
2 7
11 4 17 16 14 1 2 13 8 7 10 5 18 15 6 9 12 3
4 25
24 35 10 49 7 52 5 54 17 42 37 22 23 36 9 50 11 48 4 55 21 38 57 2 32 27 19 40 15 44 12 47 31 28 3 56 6 53 41 18 58 1 29 30 14 45 51 8 39 20 34 25 43 16 26 33 46 13
3 15
26 7 35 28 6 27 4 3 30 31 16 15 23 12 10 25 33 34 29 32 9 8 20 17 19 18 21 14 1 36 2 5 22 13 24 11
4 24
5 2 54 55 16 39 15 44 23 26 28 27 35 38 34 33 32 19 7 8 31 22 4 3 50 51 17 18 41 40 45 6 10 9 30 29 1 56 12 11 53 52 25 24 21 20 42 43 47 48 36 37 46 49 14 13
7 12
6 5 17 20 15 14 7 4 11 28 29 10 1 38 19 18 27 26 25 24 35 34 23 22 37 36 21 12 30 33 16 13 8 3 9 2 31 32
3 6
12 13 5 18 17 16 3 4 6 15 7 8 10 9 11 14 1 2
5 9
28 27 10 9 17 18 8 7 5 6 26 25 24 23 20 21 1 2 4 11 16 15 13 14 12 3 22 19
10 2
12 11 10 9 21 22 19 16 23 24 13 6 18 17 3 2 15 14 4 1 8 7 5 20
5 6
9 16 22 1 3 20 15 10 19 4 8 17 11 14 21 2 18 5 13 12 6 7
10 10
3 38 7 8 17 16 10 9 15 18 40 39 33 34 5 6 28 29 36 13 35 14 4 37 2 1 22 21 27 26 23 20 24 31 12 11 30 25 32 19
6 16
43 42 13 12 5 4 35 34 44 3 38 41 36 37 26 27 22 23 28 31 16 15 14 33 25 24 32 21 29 30 7 6 18 17 40 39 20 19 9 8 2 1 10 11
4 18
15 18 41 40 5 4 16 17 12 13 32 31 11 14 34 35 19 20 42 43 22 37 3 8 36 33 2 21 7 6 30 29 27 28 1 44 26 25 38 39 10 9 23 24
50 2
53 54 16 17 58 57 42 67 12 11 78 79 4 3 2 101 97 98 5 6 51 52 77 30 36 37 21 20 38 39 27 82 34 35 88 19 75 74 85 24 90 91 72 73 40 41 69 68 99 100 45 46 89 18 80 81 102 103 83 84 32 31 59 48 10 9 96 95 56 55 94 15 26 25 14 13 64 63 8 7 93 92 87 86 104 1 47 62 60 61 43 44 66 65 49 50 70 71 28 29 22 23 33 76
4 1
2 1 5 8 4 3 10 9 7 6
25 4
51 50 26 25 48 13 19 20 33 34 35 36 9 10 1 2 22 23 8 7 55 56 31 30 14 17 16 15 28 27 4 3 39 38 12 11 52 53 45 18 5 6 47 46 57 58 32 29 42 41 49 54 43 40 21 44 24 37
3 1
4 5 8 7 2 1 3 6
10 10
30 29 34 1 8 7 11 10 27 28 18 3 21 20 12 17 5 4 15 16 38 35 36 37 22 19 33 2 25 26 23 24 32 31 13 14 6 9 39 40
3 24
32 33 44 9 45 8 54 53 42 43 31 22 50 51 52 47 28 27 41 40 11 10 29 30 21 20 16 17 34 35 38 39 5 46 23 26 48 49 2 1 24 25 36 37 7 6 12 13 15 14 3 4 19 18
16 6
39 36 17 18 1 42 5 2 26 25 22 23 6 13 38 37 14 15 29 30 19 20 33 32 9 10 35 16 41 40 7 8 27 28 24 21 31 34 4 3 12 11 43 44
5 20
13 18 9 8 38 39 32 33 23 22 45 44 40 35 28 27 26 29 50 1 46 49 37 36 21 24 20 19 12 11 47 48 6 3 30 25 42 41 7 2 31 10 15 16 14 17 5 4 34 43
10 7
33 34 18 17 19 20 11 12 10 9 15 16 14 13 4 7 21 24 32 1 22 23 5 6 3 2 30 29 8 31 26 27 25 28
3 10
13 14 10 9 7 6 8 11 16 17 15 4 18 19 26 25 5 12 2 1 21 20 3 22 24 23
25 4
38 37 1 2 42 41 55 54 45 46 28 31 30 29 4 5 20 19 25 24 32 21 35 36 3 6 22 23 26 27 14 15 34 33 49 16 8 9 12 13 18 17 57 58 50 53 52 51 47 48 39 40 44 43 11 10 56 7
5 20
32 33 39 38 37 6 13 14 45 46 1 48 25 26 49 50 10 35 27 34 31 28 47 44 4 5 43 42 16 15 2 3 21 20 41 40 7 36 11 12 29 30 22 19 18 17 8 9 23 24
1 71
95 122 97 100 105 96 53 52 123 124 139 138 17 16 118 119 135 136 90 89 116 121 83 80 58 59 71 70 94 93 44 43 86 65 46 45 28 23 144 129 1 42 66 67 77 84 49 50 107 106 31 32 8 11 33 40 110 111 142 141 62 61 51 56 112 109 127 128 104 101 102 103 19 20 36 39 12 21 114 115 98 99 48 47 34 35 108 113 82 81 91 88 140 143 41 22 25 26 60 57 29 30 15 18 117 120 87 92 3 2 4 5 130 131 68 69 74 75 125 126 73 72 14 13 54 55 27 24 38 37 134 137 9 10 133 132 63 64 79 78 6 7 85 76
100 1
30 175 89 114 130 129 120 85 6 199 159 44 45 158 186 19 27 26 187 188 143 62 185 20 136 69 178 25 154 153 24 181 83 84 86 119 108 107 176 177 60 61 102 101 8 195 163 164 37 166 197 196 137 68 36 167 64 65 49 50 46 157 75 76 66 139 67 138 81 124 125 80 7 198 12 193 28 29 113 90 98 105 117 88 115 116 58 145 149 56 53 52 147 148 127 128 142 63 74 73 38 165 94 109 79 126 2 201 82 121 87 118 110 111 168 169 43 160 202 1 182 183 41 162 141 140 72 71 161 42 194 9 180 179 91 92 39 40 97 106 35 170 146 57 32 171 22 23 21 184 200 5 190 189 93 112 77 78 54 151 134 133 10 11 3 4 144 59 16 15 33 34 174 31 99 104 135 70 17 18 47 156 152 51 122 123 131 132 173 172 95 96 55 150 191 14 192 13 48 155 103 100
28 3
14 55 38 39 18 19 62 1 42 41 50 17 45 20 56 57 16 53 24 23 26 27 7 8 47 46 59 58 30 33 43 44 51 52 21 22 10 9 36 35 61 60 32 31 13 6 25 28 3 4 2 5 15 54 49 48 11 12 29 40 37 34
5 20
18 19 11 12 10 7 24 25 36 35 28 31 20 21 30 29 44 47 26 27 13 14 9 8 17 32 46 45 49 48 4 3 22 23 43 50 40 39 41 6 5 42 16 15 34 33 38 37 2 1
10 10
4 3 8 19 33 32 40 37 38 39 9 14 15 18 34 31 35 24 13 12 7 2 20 21 28 29 22 23 10 11 30 25 6 5 36 1 17 16 27 26
3 12
18 17 3 2 15 10 7 6 28 27 13 14 25 26 12 11 30 1 9 8 24 23 4 5 29 22 16 19 21 20
15 4
30 29 32 31 7 6 37 38 4 5 21 18 27 26 25 22 13 12 1 36 15 14 20 19 11 28 9 10 8 33 16 17 34 35 23 24 2 3
4 20
36 35 23 26 41 42 6 7 43 48 28 27 9 12 47 46 22 29 34 33 13 30 8 37 19 20 16 15 11 10 24 25 3 38 2 1 21 14 40 39 32 31 17 18 45 44 4 5
10 10
32 29 27 26 13 14 34 33 35 28 1 18 12 15 25 22 37 36 30 31 11 16 38 39 6 9 4 3 2 5 19 40 17 10 8 7 23 24 20 21
13 6
26 25 21 22 5 8 15 16 24 23 27 28 2 1 4 19 35 36 14 13 31 34 7 6 3 20 38 37 18 17 11 12 29 30 10 9 32 33
4 10
10 11 2 3 25 22 21 26 16 17 8 7 18 5 24 23 28 1 15 12 27 4 9 6 14 13 19 20
1 100
136 137 130 129 185 186 89 90 87 28 29 68 114 115 126 123 46 47 165 164 169 170 55 50 113 112 19 18 96 97 61 58 180 179 150 147 30 31 190 191 107 108 135 134 131 128 8 171 44 45 121 116 101 102 103 142 133 132 92 91 53 54 26 23 144 143 124 125 157 158 75 80 37 38 140 139 153 160 163 162 93 94 73 72 159 154 85 86 167 166 197 198 202 201 195 196 149 148 60 59 9 10 172 175 7 4 168 161 182 193 66 65 48 49 25 24 5 6 174 173 34 35 84 83 33 32 52 51 57 56 189 188 127 122 76 79 155 156 104 105 15 14 20 21 3 200 70 69 110 111 12 11 95 98 138 141 16 17 99 100 119 120 88 27 41 42 43 36 187 192 117 118 39 40 146 151 71 74 2 1 183 184 176 181 78 77 62 63 145 152 67 64 109 106 82 81 194 199 178 177 22 13
7 14
29 26 31 32 7 8 21 14 17 16 40 39 19 18 34 33 24 23 27 28 6 11 13 30 41 36 20 15 4 3 35 2 5 12 9 10 25 22 38 37 1 42
1 3
7 8 2 1 5 6 3 4
25 4
44 45 39 42 15 18 20 21 56 3 25 24 43 46 4 55 6 31 52 53 11 14 1 58 50 47 34 33 41 40 29 28 9 8 37 36 27 30 49 48 54 51 17 16 10 7 2 57 23 26 38 35 12 13 5 32 19 22
2 4
1 2 6 7 5 4 9 8 10 11 3 12
10 10
23 22 12 13 3 4 26 27 21 14 40 1 39 38 9 10 16 15 7 6 35 28 24 25 34 33 11 36 20 19 31 32 5 8 29 30 37 2 18 17
33 3
70 69 72 5 43 30 66 13 36 37 68 7 51 48 10 11 33 40 46 27 67 12 29 44 45 28 58 63 6 71 4 1 47 22 16 57 62 59 53 54 42 31 21 20 3 2 24 25 32 41 14 15 9 8 26 23 60 61 52 55 49 50 17 18 35 38 64 65 56 19 39 34
21 3
46 45 12 9 6 5 4 1 18 35 3 2 26 25 24 21 32 31 40 41 42 13 39 14 34 19 17 38 28 27 16 15 30 29 43 44 23 22 48 7 8 47 11 10 33 20 37 36
15 5
39 40 36 37 5 4 38 1 29 30 21 12 10 9 24 25 31 28 22 11 18 13 35 6 15 14 34 33 2 3 8 7 19 20 27 26 23 32 16 17
4 10
2 3 7 6 9 8 26 25 10 11 13 12 15 20 5 14 24 23 16 19 21 22 27 4 28 1 17 18
4 25
20 21 9 10 6 5 55 54 27 32 47 48 41 42 16 15 17 36 14 13 37 40 22 23 53 56 2 57 30 31 11 12 25 26 58 1 33 24 4 3 49 50 52 51 18 19 34 35 44 43 46 45 8 7 38 39 28 29
5 20
5 42 19 20 39 14 31 34 46 45 25 26 10 11 22 15 24 27 36 23 41 6 40 13 7 8 3 48 1 2 18 17 32 33 12 9 29 30 50 49 38 37 21 16 35 28 4 43 44 47
3 33
42 41 65 70 19 18 17 16 10 63 21 50 43 44 30 31 14 15 22 23 25 26 24 47 9 8 12 13 69 68 58 57 62 61 67 66 1 72 33 34 40 29 51 20 2 71 38 39 37 36 4 3 49 48 46 45 5 6 55 54 59 60 53 52 35 32 27 28 11 56 64 7
50 2
96 9 75 30 62 43 26 79 98 7 44 61 95 10 12 93 16 89 33 72 57 48 38 67 63 42 24 81 46 59 15 90 71 34 11 94 27 78 32 73 69 36 87 18 52 53 4 101 2 103 28 77 88 17 64 41 80 25 70 35 49 56 76 29 66 39 13 92 47 58 65 40 68 37 91 14 23 82 102 3 60 45 1 104 22 83 55 50 5 100 8 97 31 74 84 21 86 19 20 85 54 51 6 99
28 1
8 13 37 38 34 39 11 12 4 3 57 56 18 17 6 7 1 2 5 58 25 24 20 19 55 54 26 29 45 46 10 9 27 28 48 49 31 30 50 51 23 22 35 36 44 47 40 41 15 14 42 43 21 16 52 53 32 33
7 12
1 36 23 22 13 14 21 20 5 26 2 33 17 16 25 24 35 34 37 38 19 10 15 18 7 6 29 30 32 31 28 27 8 9 12 11 4 3
12 6
26 27 12 19 35 36 2 7 3 4 32 33 22 23 14 13 20 25 24 21 34 1 17 16 5 6 15 18 29 8 28 11 31 30 9 10
14 1
9 12 8 7 6 5 18 19 10 11 4 3 13 22 20 21 28 29 30 27 14 17 1 2 26 25 16 15 23 24
1 87
60 59 46 45 147 146 15 160 88 87 43 44 126 127 29 28 24 151 100 75 169 168 99 98 89 86 106 71 108 109 13 164 132 131 161 162 112 113 129 130 93 92 149 148 74 101 175 176 103 72 58 117 118 57 107 70 77 76 8 167 39 136 42 133 56 55 158 19 84 91 67 66 171 170 90 85 152 23 69 68 150 27 104 105 119 120 82 81 33 144 122 123 16 159 125 50 65 110 32 31 9 166 10 165 124 53 41 134 83 94 102 73 2 1 64 111 26 25 36 35 139 140 114 63 14 163 30 145 142 143 34 141 6 7 157 20 11 12 37 138 78 79 155 156 174 173 47 48 61 116 54 121 3 4 154 21 153 22 51 52 172 5 40 135 96 97 115 62 17 18 95 80 137 38 128 49
3 33
61 60 1 72 10 11 70 3 64 65 41 40 45 44 62 63 53 52 26 27 28 29 6 7 36 37 16 17 4 5 43 42 48 49 15 14 35 68 56 57 25 24 55 54 69 34 38 39 20 21 23 22 13 12 67 66 30 31 19 18 2 71 33 32 9 8 47 46 51 50 58 59
4 18
25 24 22 23 31 30 12 13 39 38 9 10 37 34 33 32 20 19 40 41 42 3 7 6 26 29 14 15 27 28 8 11 35 36 16 17 43 44 21 18 2 1 5 4
3 29
24 21 31 28 26 25 63 60 52 13 40 43 5 2 35 36 49 16 11 10 4 3 39 20 64 1 7 6 23 22 54 9 27 34 44 19 50 51 17 18 8 57 48 47 29 30 55 56 38 37 32 33 12 53 41 42 58 59 14 15 62 61 46 45
14 7
18 17 39 40 30 29 23 32 11 34 37 42 38 41 20 15 22 21 5 6 28 31 13 14 8 9 25 26 27 24 33 12 4 35 1 36 7 10 19 16 2 3
5 19
22 21 47 48 15 14 7 8 34 31 37 38 27 24 6 39 9 20 23 36 42 45 40 41 32 33 1 46 35 28 3 4 10 11 18 17 25 26 29 30 43 44 13 16 2 5 12 19
10 7
22 23 7 12 11 8 26 27 34 33 10 9 5 4 2 3 20 15 21 24 14 13 32 1 17 18 29 30 16 19 25 28 31 6
4 25
23 22 15 14 56 55 57 54 46 45 50 49 35 34 52 53 18 41 58 1 25 26 48 47 20 19 2 3 40 21 6 5 42 43 11 10 13 12 38 39 51 4 36 37 28 29 31 32 8 7 33 30 44 9 16 17 27 24
10 10
16 25 27 14 19 22 26 15 36 5 7 34 8 33 28 13 23 18 40 1 10 31 30 11 20 21 35 6 17 24 12 29 38 3 39 2 37 4 9 32
10 10
29 28 4 39 11 10 3 40 21 22 18 15 7 6 33 32 27 14 17 16 13 12 35 36 19 20 31 30 1 2 26 25 9 8 34 5 38 37 23 24
33 3
19 20 23 22 68 7 38 41 33 34 26 27 53 56 25 24 57 16 29 28 50 21 49 30 32 45 11 64 40 39 72 71 63 12 10 67 66 65 31 46 18 17 52 51 15 14 1 2 59 58 3 6 36 37 13 60 8 9 5 4 47 48 43 44 62 61 55 54 69 70 42 35
2 16
27 28 33 34 30 29 7 8 24 25 6 9 5 4 15 12 32 3 14 13 11 10 36 1 22 23 31 26 21 16 17 20 35 2 18 19
7 14
33 36 2 3 4 5 6 7 30 27 8 1 32 37 14 25 18 21 23 22 38 31 28 29 35 34 17 24 20 19 11 12 16 15 42 9 39 40 41 26 13 10
24 3
3 4 42 47 8 11 27 28 6 7 9 10 17 16 41 38 36 37 15 14 30 35 43 44 49 48 23 22 12 13 45 46 24 25 32 33 39 40 53 52 31 34 51 54 18 19 29 26 20 21 2 1 50 5
1 4
4 7 9 2 8 3 10 1 5 6
4 25
40 17 1 2 36 37 48 47 10 41 57 56 6 7 22 33 23 24 8 49 52 5 46 9 30 29 28 27 55 54 50 51 18 35 34 19 3 4 31 32 16 11 43 42 45 44 53 58 12 13 38 39 15 14 26 25 20 21
15 5
35 10 13 30 21 22 4 3 36 9 40 7 32 33 18 17 24 25 15 26 14 29 1 2 27 28 37 38 12 11 20 19 34 31 16 23 5 6 8 39
7 1
5 4 6 7 1 2 12 13 14 15 9 10 3 16 11 8
2 50
99 100 27 28 20 31 76 73 21 24 104 1 50 83 69 68 3 6 60 61 53 54 85 84 9 10 8 11 45 44 41 40 82 51 72 77 62 57 89 88 15 16 30 29 32 33 49 46 43 42 79 80 75 74 17 12 92 93 102 101 39 38 26 25 70 71 2 7 48 47 22 23 97 96 58 59 56 55 13 14 86 87 103 98 19 18 64 67 63 52 81 78 4 5 35 34 37 36 65 66 91 90 94 95
18 5
11 10 23 20 12 13 43 2 26 27 25 28 33 30 38 39 22 21 32 31 29 34 14 9 44 1 46 45 3 8 24 19 37 16 36 35 6 5 4 7 41 42 15 40 18 17
7 14
33 32 8 3 2 37 42 39 1 38 14 13 29 28 22 21 15 10 27 26 36 35 6 7 34 31 40 41 18 17 4 5 30 25 12 11 16 9 24 19 20 23
1 33
43 44 58 57 33 34 8 9 18 19 31 36 21 22 20 49 61 60 65 66 13 14 16 15 29 30 67 2 35 32 63 62 24 45 51 50 1 68 12 11 64 5 38 37 6 7 17 56 10 59 41 40 3 4 23 46 48 47 28 39 26 25 52 53 55 54 42 27
7 14
7 8 30 31 22 25 40 3 2 1 27 18 12 11 36 35 32 15 37 14 20 19 6 5 9 4 10 13 29 28 33 34 42 41 21 26 17 16 39 38 23 24
44 2
7 6 13 80 65 30 20 21 25 68 91 92 49 52 63 64 18 19 84 83 38 37 34 31 71 22 14 79 44 45 56 55 81 12 36 35 59 58 78 77 46 43 33 32 23 24 72 73 40 57 50 51 8 85 90 89 74 75 10 9 66 67 76 17 82 11 62 39 29 28 88 5 15 16 27 26 1 4 69 70 2 3 86 87 47 48 42 41 61 60 54 53
6 6
14 23 8 5 18 19 4 9 16 21 12 1 15 22 3 10 20 17 24 13 7 6 2 11
10 10
17 34 30 29 21 18 4 3 27 24 11 8 13 6 25 26 37 38 12 7 20 19 22 33 28 31 2 15 40 1 35 16 36 39 14 5 23 32 9 10
33 3
17 18 5 70 35 36 72 71 32 31 33 44 2 3 66 67 60 11 48 27 42 37 10 61 29 28 14 59 64 65 22 53 4 1 58 21 7 6 63 62 15 16 51 52 49 26 56 57 13 12 40 41 9 8 19 20 55 54 45 46 39 38 30 47 43 34 25 24 69 68 50 23
24 3
45 44 39 38 46 47 32 31 30 29 3 4 42 43 33 26 50 9 16 15 5 2 17 18 19 40 48 13 52 51 28 27 22 25 1 54 37 36 7 6 21 20 35 34 8 53 11 10 23 24 14 41 49 12
2 20
26 27 36 35 17 16 12 33 34 7 23 24 31 32 15 18 43 42 19 20 29 28 25 30 8 9 4 1 22 21 3 2 39 38 41 40 6 5 10 11 13 14 37 44
5 20
35 40 50 41 15 20 24 27 2 21 3 8 5 6 26 25 22 1 29 34 11 12 14 9 32 31 33 30 38 37 45 46 47 44 7 4 23 28 49 42 17 18 39 36 10 13 43 48 19 16
20 5
41 42 17 18 32 31 4 7 27 50 22 21 5 6 37 38 39 40 2 9 43 44 13 14 24 23 8 3 35 36 20 19 1 10 48 29 33 34 11 12 30 47 16 15 45 46 28 49 26 25
16 6
12 13 36 37 43 44 40 11 3 10 19 20 39 38 5 4 31 32 1 42 24 27 34 33 30 21 2 41 15 14 7 8 17 18 16 35 25 26 28 29 9 6 22 23
6 16
43 2 33 32 41 4 27 26 1 44 20 35 15 16 7 8 36 19 30 31 21 34 6 39 40 5 22 23 11 12 38 17 14 13 24 25 29 28 9 10 18 37 42 3
5 1
11 4 7 10 8 9 3 2 12 1 5 6
9 10
36 3 2 37 8 31 6 33 19 20 15 24 5 34 35 4 21 18 28 11 22 17 27 12 26 13 9 30 1 38 23 16 10 29 32 7 25 14
3 10
10 11 20 19 2 1 7 8 9 14 15 16 4 5 21 26 3 6 24 23 22 25 12 13 17 18
33 3
64 65 66 61 33 30 6 69 56 23 58 59 67 14 24 55 1 72 49 48 70 5 41 40 18 21 54 51 32 31 20 19 7 68 63 62 71 2 29 28 34 27 17 16 10 9 25 26 11 8 47 46 15 22 57 60 50 45 44 35 42 37 36 43 53 52 4 3 12 13 39 38
6 15
19 20 26 27 35 36 17 18 21 12 1 34 7 8 39 40 14 13 30 31 3 2 6 5 37 38 23 22 25 24 4 29 41 42 28 9 33 32 11 10 16 15
6 16
26 25 41 34 11 12 4 7 31 8 29 28 19 14 44 43 9 30 32 33 38 37 21 24 16 15 39 40 5 6 23 22 1 42 20 13 3 2 18 17 10 27 35 36
5 7
15 6 22 5 8 9 24 3 18 19 23 4 13 12 1 2 14 11 16 21 7 10 20 17
19 2
5 4 37 36 22 21 1 2 24 23 27 30 10 9 32 33 8 7 40 41 26 25 20 19 17 16 18 15 14 13 34 11 3 6 42 39 28 29 38 35 12 31
4 13
1 34 4 5 14 13 15 20 11 12 3 2 8 25 33 32 26 7 17 16 28 27 6 29 23 22 18 19 9 10 21 24 31 30
7 14
14 13 23 16 30 31 27 36 4 3 6 5 22 17 42 37 9 2 35 32 19 18 21 20 29 28 41 40 11 10 33 34 25 12 24 15 1 26 8 7 38 39
2 14
6 19 18 17 11 12 21 20 16 13 24 23 5 4 7 10 32 31 25 22 3 2 30 1 9 8 26 29 14 15 28 27
6 4
8 9 20 19 2 15 14 13 3 12 1 18 17 16 6 7 11 10 4 5
2 42
52 37 68 21 87 2 49 40 82 7 84 5 50 39 38 51 32 57 79 10 33 56 36 53 22 67 18 71 63 26 85 4 9 80 64 25 6 83 65 24 70 19 58 31 72 17 69 20 11 78 16 73 59 30 3 86 61 28 60 29 1 88 41 48 34 55 14 75 8 81 13 76 12 77 44 45 42 47 23 66 43 46 62 27 15 74 35 54
13 2
5 26 6 13 19 20 1 4 25 24 8 7 12 11 27 28 3 2 21 14 23 22 9 10 17 18 30 29 15 16
20 5
11 44 27 30 25 26 32 31 16 17 5 8 9 4 3 10 14 15 37 36 22 21 23 24 45 46 1 50 35 18 40 13 47 2 6 7 43 12 34 33 38 39 49 48 20 19 42 41 29 28
20 5
30 31 26 35 36 25 12 49 5 6 2 9 48 13 14 47 17 44 43 18 42 19 39 22 10 1 24 37 3 8 23 38 20 41 45 16 50 11 21 40 15 46 33 28 32 29 27 34 4 7
4 2
12 11 2 5 3 4 6 7 1 10 8 9
5 15
31 10 5 36 25 16 6 35 11 30 39 2 13 28 8 33 22 19 4 37 29 12 18 23 38 3 9 32 21 20 15 26 34 7 1 40 24 17 27 14
5 20
27 32 3 8 11 16 24 39 40 23 46 45 29 30 41 50 38 33 36 35 4 7 12 15 19 20 2 9 18 21 17 22 26 25 44 47 37 34 13 14 43 48 10 1 28 31 5 6 49 42
33 3
36 35 17 18 29 30 12 9 58 57 71 70 16 15 45 32 52 55 49 50 6 5 67 66 31 46 59 22 44 33 63 64 51 28 10 11 20 21 40 43 42 41 60 19 1 2 54 53 65 14 47 48 61 62 68 69 23 56 34 37 72 7 26 27 39 38 8 13 4 3 25 24
8 10
4 5 19 10 36 35 13 14 8 7 30 31 24 23 28 27 12 11 29 26 21 22 17 16 1 34 6 9 25 32 15 18 33 2 20 3
1 50
76 77 11 92 2 99 19 18 61 60 37 36 90 91 74 31 33 34 44 45 9 8 27 28 67 66 6 7 69 32 41 38 65 64 88 89 49 56 98 3 71 70 16 87 85 84 30 29 1 102 96 97 57 48 73 72 24 23 53 52 15 14 20 81 17 86 10 95 4 5 58 59 50 55 93 94 62 63 83 82 25 78 79 80 46 47 68 35 75 26 13 12 22 21 42 43 100 101 51 54 40 39
3 10
17 16 21 22 2 1 3 26 19 18 14 13 6 15 11 8 24 23 7 12 5 4 10 9 20 25
1 84
124 47 46 125 6 165 70 101 31 140 76 95 49 122 149 22 25 146 110 61 135 36 39 132 71 100 33 138 8 163 150 21 10 161 72 99 158 13 96 75 5 166 9 162 159 12 128 43 113 58 98 73 141 30 94 77 67 104 137 34 116 55 54 117 81 90 93 78 38 133 35 136 40 131 69 102 68 103 111 60 151 20 105 66 91 80 52 119 15 156 169 2 32 139 144 27 115 56 29 142 57 114 59 112 79 92 121 50 17 154 51 120 82 89 83 88 65 106 97 74 143 28 153 18 4 167 164 7 123 48 26 145 170 1 152 19 108 63 14 157 84 87 168 3 109 62 107 64 42 129 85 86 134 37 126 45 16 155 41 130 53 118 148 23 24 147 127 44 11 160
16 6
36 15 26 29 35 34 3 2 19 18 14 5 30 31 33 32 1 4 13 12 11 10 9 8 42 43 25 20 44 41 28 27 40 39 6 7 38 37 16 17 23 22 21 24
4 25
48 47 40 41 8 9 49 4 43 42 34 35 20 19 45 44 16 17 52 51 27 26 57 58 18 39 56 1 25 24 38 37 11 10 36 21 50 53 6 5 22 23 13 12 31 30 33 32 28 29 3 2 15 14 54 55 7 46
25 4
27 26 54 53 56 55 3 2 39 40 12 13 8 7 42 45 51 52 35 34 25 24 49 50 46 47 20 21 15 48 14 11 18 17 43 44 41 30 4 5 10 9 57 6 19 16 31 32 29 28 58 1 23 22 33 36 37 38
4 25
50 49 47 6 52 5 23 24 40 15 53 4 18 19 57 56 12 9 20 17 32 21 39 16 14 13 34 35 10 11 51 48 45 46 44 43 26 31 22 25 38 37 41 8 1 58 7 42 33 36 28 29 3 54 55 2 30 27
4 20
36 37 27 26 22 23 24 25 35 2 33 34 9 6 7 8 30 29 17 16 39 46 19 18 1 38 21 20 15 14 4 5 28 3 41 42 43 44 12 11 31 32 47 48 40 45 13 10
5 20
33 34 7 28 23 24 48 47 30 31 12 27 43 42 44 1 6 29 37 32 11 8 15 26 2 5 49 46 50 45 18 21 10 9 39 40 14 13 16 17 22 25 20 19 4 3 35 36 38 41
20 5
41 38 18 17 20 25 12 13 19 34 44 43 1 2 10 11 6 47 30 29 3 50 21 24 8 9 5 48 27 26 36 15 45 42 28 31 49 4 32 33 23 22 16 35 14 37 40 39 7 46
7 13
20 19 3 38 36 29 17 16 12 9 30 35 31 32 6 5 37 24 40 1 18 21 14 23 28 25 4 7 2 39 34 33 13 8 26 27 15 22 10 11
20 5
25 36 30 31 29 28 50 47 19 38 35 26 49 48 20 21 40 39 22 37 10 13 27 34 17 16 15 14 12 11 43 44 42 9 32 33 5 6 7 8 18 41 1 4 3 2 23 24 46 45
10 10
37 38 32 31 35 36 4 17 3 2 40 19 21 20 6 9 33 30 34 23 14 13 28 25 27 26 1 18 22 39 16 5 8 7 29 24 12 11 10 15
1 6
9 10 12 13 7 6 1 14 11 4 3 2 8 5
18 4
35 16 3 4 37 38 24 29 15 14 25 28 6 7 20 31 5 2 11 10 40 41 36 39 44 43 27 26 19 32 8 9 33 34 42 1 22 23 12 13 17 18 30 21
1 3
2 7 6 3 5 4 1 8
3 14
9 10 2 1 6 7 27 26 17 16 21 22 4 5 23 14 20 19 34 33 24 3 12 11 31 32 28 25 29 30 15 18 13 8
6 15
11 12 1 42 2 41 13 14 30 31 38 5 18 35 25 24 26 27 29 28 34 19 36 17 32 21 10 9 33 20 7 8 39 4 23 22 3 40 15 16 37 6
6 16
9 6 27 26 16 23 29 30 1 44 42 35 2 5 4 3 43 34 36 41 22 21 12 11 13 10 24 31 38 39 8 7 19 18 17 20 14 15 25 28 40 37 33 32
25 4
9 4 5 8 29 28 19 18 7 6 2 3 23 24 39 38 55 10 42 41 56 57 52 53 11 12 33 34 51 14 49 48 58 1 20 27 46 45 13 54 15 16 22 21 36 37 43 40 50 17 25 26 47 44 35 30 32 31
2 14
21 22 14 17 19 18 5 20 10 9 11 6 26 27 15 16 23 24 25 2 28 29 4 3 7 8 31 32 1 30 12 13
14 7
37 24 33 34 13 12 35 32 20 17 27 30 39 40 16 15 18 19 23 8 29 28 6 3 36 25 42 1 10 9 14 21 7 2 22 11 31 26 41 38 4 5
11 4
1 2 13 12 6 5 29 30 26 25 3 8 22 23 19 20 10 9 18 17 4 7 24 11 15 16 27 28 21 14
3 20
10 9 31 30 38 3 7 34 39 42 15 14 17 18 6 5 8 11 13 32 23 22 29 16 25 24 19 20 1 46 36 37 33 12 26 21 43 44 40 41 35 4 45 2 27 28
16 6
35 34 38 39 22 23 44 1 8 43 40 9 4 3 16 37 2 5 31 32 11 10 36 33 17 30 15 14 21 24 13 12 18 19 41 42 25 20 26 27 28 29 6 7
4 11
3 30 21 22 19 26 4 5 12 29 9 8 28 27 24 23 13 16 17 18 6 7 14 15 20 25 1 2 10 11
25 4
42 41 11 10 32 5 31 6 46 45 51 52 21 20 50 49 26 27 53 54 2 57 9 8 7 30 1 58 3 56 23 22 38 37 35 36 12 13 47 48 33 34 4 55 18 19 14 15 29 28 40 39 43 44 24 25 17 16
6 5
11 10 8 7 19 14 12 13 5 6 2 21 20 3 22 1 15 16 18 17 9 4
2 7
12 13 9 16 8 7 14 15 1 18 11 10 6 3 4 5 17 2
13 7
21 22 35 36 18 17 15 8 14 13 23 24 19 20 16 25 5 40 11 10 38 31 39 30 33 34 29 28 2 1 7 6 37 32 26 27 4 3 9 12
7 8
25 26 6 5 27 28 12 11 22 19 23 24 9 10 4 1 2 3 13 8 15 18 16 17 14 7 29 30 21 20
21 3
25 26 48 45 16 13 7 6 39 38 22 21 32 31 34 35 23 24 42 41 8 9 2 1 33 10 3 40 46 47 44 43 17 18 14 15 36 37 27 28 20 19 5 4 30 29 12 11
5 10
12 11 22 21 17 16 14 5 20 23 1 30 26 27 6 13 10 9 18 19 4 3 25 24 2 29 7 8 15 28
6 16
5 34 7 6 35 36 12 21 19 20 18 17 32 29 15 14 27 10 2 1 30 31 23 24 33 8 16 13 37 40 4 41 25 22 26 11 42 43 9 28 44 3 38 39
3 33
28 43 11 10 50 49 18 17 44 45 34 33 38 37 16 55 54 53 63 62 46 47 57 56 29 42 67 8 5 68 51 52 24 23 9 12 61 64 58 59 35 40 20 19 7 6 3 4 26 25 14 13 21 22 32 31 36 39 1 2 71 70 65 66 69 72 27 48 60 15 30 41
24 3
3 2 29 26 49 48 31 30 38 39 9 52 42 43 8 7 44 45 27 28 16 15 47 10 11 46 34 33 14 17 50 51 22 35 40 13 6 53 21 20 41 12 19 18 54 1 23 24 32 25 37 36 4 5
11 5
27 30 21 20 14 11 13 12 29 28 4 5 10 9 2 1 22 23 16 17 32 3 6 7 26 15 19 18 31 8 25 24
3 33
61 12 38 35 55 56 7 62 54 17 13 16 18 21 11 8 20 19 6 5 44 45 47 46 48 49 64 63 53 50 33 32 70 71 72 69 42 43 22 23 67 68 29 26 41 40 39 30 24 25 15 14 57 60 66 3 37 36 9 10 31 34 51 52 27 28 58 59 1 2 65 4
10 10
17 18 23 12 31 28 6 7 40 37 38 39 25 8 10 9 35 36 29 30 15 16 3 4 24 11 13 22 20 19 32 5 2 1 33 34 14 21 27 26
7 14
30 29 25 24 36 35 22 21 8 9 38 37 12 7 34 33 3 2 6 5 40 41 42 1 26 13 15 14 32 31 19 18 17 16 27 28 11 10 39 4 20 23
5 3
10 3 14 15 9 4 16 13 1 2 7 6 5 8 11 12
10 10
30 31 22 17 39 34 13 12 15 14 24 25 8 3 21 20 40 33 7 4 19 18 9 2 5 6 38 35 28 23 27 26 11 10 16 29 32 1 37 36
4 25
56 53 44 43 30 29 54 55 11 10 51 50 25 24 2 3 23 26 21 36 22 35 34 33 40 37 39 38 41 12 16 15 4 49 27 28 48 47 19 20 31 32 52 1 45 46 57 58 14 13 8 9 6 5 18 17 7 42
32 3
70 3 24 25 59 18 37 42 49 48 51 50 9 8 69 6 21 20 58 23 57 56 7 10 17 16 54 55 30 33 67 68 14 15 34 43 61 66 27 52 65 64 12 13 5 4 19 22 32 31 63 62 60 11 26 53 44 29 47 28 41 40 1 2 39 38 45 46 36 35
10 3
10 11 25 2 7 12 3 4 5 6 17 18 21 24 8 9 13 16 15 14 20 19 22 23 26 1
18 5
17 12 11 18 13 14 27 28 32 33 9 10 23 24 16 15 43 38 36 31 29 20 34 35 40 41 30 19 3 4 2 1 26 21 37 8 46 5 42 39 44 45 22 25 6 7
10 8
18 19 9 8 15 14 13 12 26 27 31 30 6 5 1 36 25 24 4 3 17 16 35 2 34 7 11 10 22 21 29 28 32 33 23 20
16 6
40 37 19 14 22 23 32 29 8 5 25 44 2 11 1 12 20 13 36 41 16 17 34 27 21 24 10 3 31 30 39 38 26 43 4 9 42 35 28 33 6 7 15 18
10 10
2 3 28 7 12 13 9 10 17 14 33 36 4 5 31 30 39 6 24 25 29 38 26 27 18 19 35 34 22 23 1 40 11 8 15 16 21 20 37 32
14 3
11 10 3 4 23 26 29 28 5 2 22 21 12 27 18 19 30 1 20 17 8 9 33 32 31 34 14 15 7 6 25 24 16 13
25 4
54 53 37 36 23 22 10 9 39 38 3 2 25 24 43 46 47 48 19 20 6 5 26 27 11 52 17 18 1 58 41 42 57 56 33 34 44 45 32 35 7 8 40 21 15 16 51 50 4 55 31 30 14 49 28 29 13 12
5 7
24 21 16 15 12 13 3 10 6 9 20 19 4 5 22 23 18 17 14 11 2 1 8 7
15 4
12 11 19 22 33 34 37 36 27 24 1 38 26 25 9 6 3 2 4 35 28 29 7 8 21 20 13 32 16 15 23 18 14 17 5 10 31 30
9 10
21 18 16 35 5 4 11 12 24 27 20 19 14 13 1 2 32 29 22 17 31 30 15 8 26 25 38 3 36 7 33 34 10 9 37 6 28 23
16 6
28 27 44 41 24 25 10 11 22 23 17 16 39 38 15 14 33 36 2 1 32 21 35 34 9 20 4 3 5 6 29 30 40 37 13 12 26 31 8 7 42 43 19 18
25 4
11 14 34 35 16 17 27 26 56 53 2 7 13 12 37 40 19 22 10 23 6 3 57 52 58 51 33 36 41 32 24 9 49 48 38 39 25 28 15 18 45 44 42 31 50 47 55 54 43 46 21 20 1 8 29 30 4 5
14 7
32 33 17 30 16 39 41 40 25 24 36 31 1 2 9 8 21 28 37 38 13 12 3 6 29 20 15 10 18 19 23 26 27 22 4 5 42 7 35 34 14 11
10 10
28 29 30 31 5 2 34 33 6 23 22 13 25 36 15 14 26 27 32 35 12 7 19 18 40 37 21 20 11 10 8 9 24 1 4 3 16 17 38 39
1 7
15 14 13 12 5 4 9 10 2 1 3 6 7 8 11 16
23 1
27 28 35 36 9 10 40 39 41 42 17 18 1 2 24 25 12 37 6 7 48 47 20 19 33 34 5 46 11 38 32 31 22 21 45 44 14 13 16 15 8 43 3 4 23 26 30 29
24 3
48 7 32 33 51 52 46 47 42 17 53 6 34 27 14 13 26 25 49 50 22 21 24 23 54 1 35 36 5 4 40 39 20 41 18 19 28 29 8 9 37 38 2 3 11 10 45 44 16 15 31 30 12 43
3 25
54 53 39 38 11 10 33 36 6 9 37 26 2 55 32 31 43 14 44 47 42 41 25 24 23 22 20 21 12 13 5 4 35 34 1 56 27 28 48 49 40 19 51 50 18 15 46 45 17 16 3 52 29 30 7 8
7 10
26 9 12 23 19 20 30 33 16 17 29 34 18 15 7 8 6 1 31 32 22 21 13 14 5 2 3 4 25 24 27 28 10 11
20 5
45 46 7 2 23 40 48 49 16 15 35 30 27 24 28 29 34 33 41 42 17 18 36 39 8 9 43 44 14 19 38 37 4 3 1 50 12 13 22 21 32 31 6 5 25 26 47 20 10 11
16 6
32 33 18 15 29 30 28 27 2 1 7 8 36 35 26 25 40 39 41 42 38 37 14 43 44 13 23 22 4 5 6 3 10 9 24 21 12 11 16 17 19 20 34 31
1 6
6 10 11 1 12 3 9 8 13 2 4 5 14 7
14 4
35 34 5 2 19 18 36 31 16 13 11 6 12 17 4 3 22 23 9 10 26 27 29 24 14 15 8 7 33 32 1 30 25 28 21 20
1 20
32 33 35 6 23 24 26 19 4 5 22 21 40 41 15 14 7 34 30 29 9 8 3 36 11 10 28 31 37 38 18 17 39 2 13 12 42 1 27 16 25 20
4 25
4 7 39 38 53 54 23 24 52 51 26 27 19 18 33 32 35 36 21 20 48 3 15 16 58 1 8 9 47 46 17 34 22 25 30 31 10 45 12 11 37 14 55 56 28 29 49 50 13 40 42 41 5 6 2 57 44 43
6 16
26 27 36 37 43 40 44 39 21 20 19 22 13 12 2 3 30 29 17 16 15 14 28 25 10 11 8 7 33 32 6 5 41 42 31 34 9 18 24 23 35 38 4 1
11 5
21 22 9 8 1 32 30 31 6 5 28 25 10 7 17 16 19 18 14 15 27 26 29 24 2 3 20 13 23 12 4 11
10 10
14 27 21 20 1 40 18 23 5 36 37 4 28 13 35 6 12 29 39 2 19 22 7 34 8 33 10 31 30 11 16 25 9 32 26 15 3 38 24 17
16 6
25 26 15 14 34 35 16 21 18 19 37 4 43 44 36 7 22 23 39 38 3 2 42 41 27 24 28 29 8 9 6 5 30 33 32 31 17 20 13 12 40 1 10 11
11 6
25 26 10 9 28 29 22 21 16 13 20 19 2 1 7 6 8 27 5 4 30 31 3 32 11 12 34 33 18 17 24 23 15 14
10 5
1 30 6 3 24 13 4 5 20 21 29 2 18 19 17 16 11 12 28 7 25 10 27 26 9 8 14 15 22 23
9 10
5 16 25 34 30 29 2 19 4 17 10 11 6 15 36 23 24 35 9 12 21 38 18 3 27 32 13 8 14 7 31 28 33 26 1 20 37 22
16 6
34 33 26 25 7 8 40 39 27 20 21 24 41 38 29 28 43 42 22 23 5 6 35 36 16 37 2 3 10 9 11 12 14 15 31 32 30 17 19 18 1 44 13 4
4 25
4 5 44 45 28 25 10 43 40 13 56 53 58 3 26 27 55 54 36 37 57 48 12 11 19 18 22 33 9 6 24 23 32 29 38 39 15 16 21 20 17 14 1 2 7 8 41 42 30 31 50 49 52 51 46 47 34 35
7 4
9 8 14 1 4 5 12 13 22 15 16 19 6 7 10 11 17 18 2 3 20 21
16 6
27 18 28 17 34 11 5 40 43 2 21 24 23 22 29 16 26 19 1 44 33 12 8 37 15 30 38 7 9 36 4 41 6 39 31 14 13 32 20 25 10 35 42 3
1 100
163 164 2 1 175 176 23 24 90 91 13 190 88 89 179 22 186 185 150 51 93 94 83 82 167 34 43 44 188 187 162 41 169 168 120 81 132 131 76 127 97 106 126 125 77 78 14 189 5 6 31 32 194 7 172 29 37 166 38 165 196 195 61 140 201 202 199 198 71 130 142 141 33 170 174 173 27 28 95 96 65 64 101 102 85 86 143 144 184 19 113 112 153 48 107 108 134 69 104 105 111 92 53 52 178 25 62 139 45 158 54 149 42 161 155 154 74 75 18 17 21 182 26 177 70 133 180 181 12 11 119 118 40 39 193 8 9 192 183 20 103 98 72 73 147 148 122 121 114 115 109 110 157 46 129 128 138 63 191 10 56 57 59 60 156 47 197 4 100 99 15 16 30 171 49 50 159 160 146 55 152 151 66 135 87 116 124 79 200 3 117 84 68 67 123 80 36 35 137 136 58 145
50 2
82 83 35 34 9 8 77 76 89 18 100 99 52 53 48 49 66 67 32 33 14 15 51 56 86 85 47 62 80 81 104 103 95 94 37 38 5 6 79 78 60 61 12 13 27 84 64 65 97 96 42 43 59 58 21 22 31 74 41 68 73 72 26 25 40 39 71 70 75 30 7 98 29 28 92 91 20 87 16 17 55 54 45 46 11 10 69 36 44 63 2 1 3 4 57 50 88 19 101 102 90 93 24 23
6 16
2 1 36 35 42 43 16 21 7 10 30 5 31 4 34 37 22 11 29 28 25 24 32 3 41 44 18 19 33 38 39 40 17 20 13 12 9 8 15 14 6 27 26 23
33 3
63 64 48 45 3 2 67 8 10 65 28 27 62 61 30 37 56 57 19 20 66 9 46 47 69 6 39 38 54 53 18 55 12 11 7 68 15 14 70 71 32 31 58 13 50 49 52 51 17 16 42 43 33 34 21 22 40 41 44 29 23 24 5 4 35 36 60 59 72 1 25 26
4 13
32 1 15 16 23 28 19 18 20 21 14 13 11 10 4 7 5 6 25 26 2 3 27 24 8 9 34 33 17 12 22 31 29 30
3 33
38 39 67 2 55 58 54 19 16 15 61 60 43 42 17 14 30 29 21 20 62 59 52 25 32 41 45 28 26 47 50 51 49 48 46 27 66 7 71 70 13 10 3 6 37 34 69 72 18 63 23 22 36 35 4 5 1 68 44 31 53 24 65 64 8 9 33 40 12 11 56 57
16 5
1 42 28 29 36 33 17 16 14 19 32 37 30 27 8 13 35 34 20 23 38 5 15 18 31 26 2 41 7 24 39 4 11 10 9 12 40 3 21 22 25 6
10 10
10 11 1 20 2 19 18 3 25 36 40 21 34 27 33 28 29 32 39 22 38 23 13 8 15 6 37 24 12 9 4 17 16 5 7 14 35 26 31 30
7 7
23 24 14 15 28 17 5 4 3 2 27 26 21 22 20 25 18 19 10 11 7 6 16 13 1 8 12 9
7 13
1 40 32 19 25 28 13 12 9 16 5 36 18 33 38 3 35 6 14 11 29 24 2 39 10 15 7 34 26 27 23 30 22 31 37 4 8 17 21 20
7 14
36 33 37 38 10 9 26 25 17 18 23 20 42 41 11 8 4 39 35 34 32 31 27 30 28 29 15 16 21 22 24 19 7 12 1 40 5 6 13 14 3 2
50 2
71 72 55 54 97 90 12 11 51 56 76 75 95 96 33 32 65 70 28 19 68 67 41 40 2 1 4 5 8 35 30 29 84 87 17 16 39 36 100 99 78 89 85 86 82 81 18 15 50 57 103 104 52 53 37 38 13 14 49 42 46 43 21 20 25 24 45 44 58 59 93 94 48 47 64 63 102 3 83 80 6 7 79 88 61 62 69 66 73 74 10 9 27 22 60 77 101 98 26 23 91 92 34 31
1 99
42 41 94 95 64 63 21 178 186 185 80 123 105 96 150 151 139 62 108 93 1 200 148 53 192 193 72 73 22 23 98 99 113 88 156 43 7 6 90 111 149 52 122 121 30 31 81 120 170 29 160 159 128 75 126 77 45 44 133 134 197 196 152 51 131 70 89 112 158 157 189 12 142 59 183 184 163 38 101 102 35 36 165 34 175 176 17 18 118 117 37 164 146 145 104 97 138 65 48 49 106 107 154 155 191 190 78 125 198 199 86 85 141 60 74 129 39 40 169 168 67 66 181 180 50 153 5 194 195 4 76 127 69 132 116 115 172 171 56 55 32 33 166 167 179 20 3 2 19 182 58 143 92 109 28 27 136 137 14 13 135 68 46 47 83 84 161 162 61 140 82 119 177 24 103 100 87 114 79 124 147 54 110 91 26 25 144 57 16 15 9 8 11 10 71 130 188 187 174 173
5 20
29 30 13 12 44 49 46 47 48 45 36 37 39 14 11 40 31 38 24 17 2 3 28 25 21 20 43 50 34 35 15 16 5 4 8 7 19 18 32 33 1 42 9 6 41 10 23 22 27 26
100 1
46 45 112 113 48 47 14 23 186 185 95 94 182 181 38 41 155 156 39 40 12 11 25 26 165 168 132 131 200 199 169 162 17 18 9 10 202 195 184 153 75 76 149 150 134 135 3 2 93 54 166 167 119 118 13 6 146 145 137 136 84 83 97 96 188 189 180 179 144 141 73 74 170 171 55 72 128 129 159 160 114 111 121 122 158 183 163 164 151 152 192 37 106 105 52 51 85 86 125 126 187 190 27 28 157 154 61 60 191 42 33 32 36 35 108 115 197 196 67 62 19 20 143 142 178 177 71 70 92 91 193 194 116 123 130 49 24 1 175 176 53 50 127 124 65 64 198 201 58 59 120 117 77 80 174 161 101 100 103 104 8 7 69 68 66 63 82 81 138 147 109 110 21 22 43 44 102 107 34 29 31 30 79 78 139 140 98 99 90 89 172 173 15 16 148 133 56 57 87 88 4 5
3 20
11 24 17 14 36 37 45 46 39 40 3 44 19 18 25 26 9 10 42 43 22 23 30 31 12 13 15 16 32 33 4 41 38 7 21 20 34 35 8 27 29 28 1 2 5 6
14 7
39 40 33 32 22 19 30 23 28 29 10 7 36 17 3 4 24 27 42 1 5 2 9 8 31 18 16 37 13 12 14 15 35 34 26 25 41 6 20 21 38 11
4 18
6 7 20 19 1 44 33 8 34 35 13 16 14 15 36 37 27 12 29 30 28 11 9 10 42 41 23 24 31 32 4 5 43 40 3 2 21 22 18 25 17 26 38 39
10 10
27 14 31 10 23 18 6 35 1 40 12 29 24 17 13 28 34 7 25 16 37 4 20 21 8 33 36 5 32 9 19 22 26 15 2 39 30 11 38 3
4 25
53 54 20 37 19 42 48 47 8 57 15 14 24 23 43 44 40 41 35 36 32 31 29 28 25 34 56 51 46 13 10 11 58 1 12 9 3 2 55 52 49 50 21 22 27 26 7 6 39 38 33 30 18 17 4 5 16 45
3 32
45 46 51 14 43 44 58 61 60 59 8 7 11 10 34 37 2 65 18 49 29 40 52 53 1 66 21 20 70 67 4 3 64 5 31 32 26 27 56 9 13 54 47 42 41 22 63 6 69 68 19 48 28 25 15 50 39 30 35 36 12 55 17 16 62 57 38 33 23 24
4 25
11 10 45 46 24 23 50 5 18 39 53 56 34 35 48 49 21 22 30 29 55 54 8 9 58 3 6 7 31 32 27 28 26 25 14 13 4 57 40 15 12 47 2 1 17 16 41 42 37 38 51 52 33 20 44 43 19 36
14 7
35 36 3 6 5 4 34 37 7 2 19 18 11 22 26 25 42 1 24 31 16 15 32 33 14 13 17 20 23 10 9 8 29 28 39 40 27 30 12 21 41 38
3 24
39 40 7 8 12 9 34 33 22 23 4 51 52 53 10 11 37 36 47 48 43 42 26 25 30 27 45 46 32 31 50 49 14 13 41 44 2 3 5 6 29 28 38 35 16 15 21 20 19 24 1 54 17 18
10 10
36 31 16 9 34 35 4 5 38 1 14 13 30 29 2 19 8 17 32 33 27 26 20 37 7 6 15 10 24 23 40 39 3 18 25 22 11 12 28 21
3 33
2 3 34 35 25 24 18 53 50 47 71 4 7 14 52 19 72 1 36 33 5 66 39 38 32 43 44 45 27 26 51 22 8 11 41 42 48 49 63 6 69 68 20 21 62 61 59 60 13 12 15 58 37 40 57 16 28 29 65 64 70 67 10 9 46 23 31 30 56 17 54 55
19 3
34 17 37 38 14 11 3 8 32 31 2 43 19 24 26 29 16 9 22 21 33 18 27 28 25 30 5 6 42 35 1 44 20 23 10 15 4 7 13 12 39 36 40 41
16 6
23 24 41 42 10 9 35 12 16 17 5 4 31 28 20 19 6 3 39 40 15 14 1 2 30 29 8 37 21 18 43 44 27 26 13 34 36 11 22 25 33 32 7 38
2 33
11 12 7 6 20 19 51 54 16 17 44 43 49 50 34 37 10 9 38 31 69 70 23 22 27 26 53 52 63 68 39 40 30 29 42 41 61 62 1 2 58 55 5 8 21 24 32 33 36 35 47 46 59 60 56 57 66 65 3 4 25 28 18 15 48 45 67 64 14 13
3 20
28 29 34 35 30 37 22 17 43 42 19 18 44 45 7 4 6 5 16 27 15 12 46 1 2 3 38 39 14 13 36 33 31 32 20 21 24 23 40 41 9 8 25 26 11 10
4 24
7 6 13 12 32 31 55 56 19 10 3 54 27 26 11 14 41 44 30 21 22 29 52 53 24 23 42 43 2 1 47 46 15 18 51 50 17 16 4 49 37 38 8 45 5 48 33 36 28 25 34 35 9 40 39 20
4 14
29 32 28 33 16 15 19 18 35 34 10 9 24 23 5 2 31 30 6 7 14 13 4 3 8 11 22 27 20 21 25 26 36 1 17 12
2 33
29 28 64 9 60 11 8 65 47 48 6 7 5 2 4 3 27 24 22 21 50 15 10 61 41 44 63 62 55 58 34 37 42 43 51 54 12 13 1 68 33 38 30 39 52 53 14 59 57 56 23 18 31 32 36 35 40 49 70 69 46 45 67 66 20 19 17 16 25 26
22 1
8 7 15 16 23 26 19 20 28 27 10 11 13 36 46 1 39 38 45 2 14 35 42 5 9 40 34 33 32 17 24 25 3 44 18 31 30 29 21 22 37 12 6 41 43 4
6 16
9 8 7 34 30 31 29 28 2 3 18 19 24 23 21 22 17 16 44 1 13 14 11 12 35 36 38 37 32 33 39 4 5 6 20 27 43 40 15 10 42 41 25 26
10 10
6 5 7 4 36 37 22 21 14 11 9 8 31 24 38 33 35 34 23 16 19 18 39 32 25 30 13 12 1 2 3 40 27 26 15 10 29 28 20 17
21 3
32 31 33 34 16 15 21 20 39 36 14 13 30 17 27 18 10 9 37 38 3 2 19 24 46 45 44 43 29 28 4 47 26 25 42 41 12 35 7 6 11 8 48 1 22 23 5 40
4 1
8 6 4 1 10 3 7 5 2 9
48 2
60 45 33 34 64 65 51 50 89 16 70 37 20 21 83 82 24 23 98 3 84 85 4 5 90 15 44 63 11 10 59 58 77 78 99 2 32 31 91 92 75 76 61 62 74 73 97 94 30 29 53 54 28 27 39 66 17 88 47 46 81 22 9 8 80 79 43 42 26 25 36 71 41 40 35 72 68 69 1 100 67 38 52 55 13 14 7 6 18 19 56 57 87 86 48 49 93 12 95 96
7 5
14 11 6 5 22 3 24 23 4 7 17 18 10 21 2 1 12 13 20 19 9 8 15 16
3 4
11 10 4 3 5 8 12 13 9 14 7 6 1 2
14 7
23 22 11 12 25 24 29 30 27 28 34 17 4 39 37 38 41 40 36 35 13 10 14 15 5 6 32 33 26 31 19 18 8 7 2 3 42 1 9 16 20 21
4 23
4 34 26 13 33 12 3 35 54 16 11 42 22 5 40 43 50 36 47 23 14 37 30 39 25 7 9 2 51 18 53 48 6 17 29 38 44 27 31 21 19 45 24 8 15 20 1 52 49 10 41 28 46 32
20 5
5 6 16 17 18 33 50 1 43 44 19 32 20 21 40 41 14 13 24 27 42 15 23 22 38 39 48 49 9 10 34 35 29 28 8 11 36 37 46 7 2 47 12 45 26 25 31 30 3 4
3 33
50 23 47 28 9 10 67 66 48 25 37 38 55 52 61 12 59 60 8 7 51 16 14 57 65 68 40 39 21 18 34 33 11 6 13 58 42 29 70 69 72 1 31 32 17 22 2 71 19 20 3 64 62 5 44 45 36 41 27 26 63 4 54 53 56 15 49 24 46 43 35 30
5 20
37 38 20 21 18 19 43 42 26 25 10 29 17 16 49 48 46 47 8 33 34 35 22 15 9 32 3 50 13 28 41 44 39 40 45 36 14 27 4 7 6 5 31 30 1 2 24 23 12 11
1 4
6 5 8 7 10 1 9 4 3 2
20 5
12 13 4 5 22 37 27 26 2 49 32 33 9 10 3 48 1 50 16 17 42 43 21 20 24 31 47 6 34 35 25 28 41 40 39 44 30 29 11 46 7 8 14 15 23 36 45 38 18 19
1 100
101 100 123 122 27 26 71 70 128 125 102 91 139 140 202 197 162 161 158 157 80 81 147 12 44 45 31 32 37 38 78 75 53 56 64 65 18 17 109 110 20 21 150 153 183 196 171 170 134 131 118 121 177 182 82 83 94 95 62 63 72 85 191 190 186 187 33 34 15 14 130 117 127 126 13 16 160 163 98 99 104 105 41 46 55 54 137 142 176 155 175 172 149 148 6 7 106 107 113 114 47 48 67 66 164 165 1 8 141 138 76 77 201 200 154 9 10 11 86 57 49 52 42 43 178 179 143 136 167 166 51 50 73 74 195 194 29 28 90 115 25 30 119 120 156 159 22 19 151 152 4 5 3 2 193 192 87 88 61 60 39 40 144 145 169 168 173 174 132 133 59 58 198 199 111 112 189 188 185 184 146 135 96 97 180 181 24 23 92 93 103 108 36 35 84 79 116 89 69 68 124 129
5 20
5 6 11 12 37 36 7 4 26 27 34 33 35 32 43 28 10 15 21 22 44 45 18 25 16 17 8 9 24 23 41 42 29 30 47 46 1 48 19 20 49 50 13 14 39 40 38 31 2 3
10 2
10 9 6 3 5 4 2 1 15 18 14 13 16 17 21 20 22 19 7 24 23 8 12 11
2 5
4 3 14 1 11 2 12 13 9 6 7 8 10 5
16 4
17 18 20 21 36 35 30 33 37 38 24 23 5 4 40 27 16 11 32 31 22 19 13 14 39 34 6 1 7 10 29 28 26 25 9 8 15 12 3 2
7 14
21 20 24 11 28 29 12 17 23 22 39 38 7 40 25 8 35 34 19 18 27 26 4 3 16 15 9 10 30 31 1 2 37 36 32 33 13 14 41 6 5 42
2 5
4 5 7 8 12 11 14 1 6 9 10 13 3 2
20 2
15 16 11 10 19 18 6 7 30 23 40 5 31 32 14 37 33 34 38 39 1 2 27 26 17 22 13 12 4 3 8 9 25 24 36 35 44 43 20 21 42 41 28 29
5 5
19 18 7 12 2 17 14 13 9 8 11 10 20 1 4 3 16 15 5 6
1 10
15 14 19 20 3 2 1 22 9 8 18 5 17 16 6 7 11 12 4 21 10 13
5 20
2 49 22 27 30 5 43 40 21 28 47 44 11 8 31 4 42 41 39 48 15 14 45 46 12 17 26 25 37 32 7 6 38 3 18 29 16 13 24 23 20 19 36 35 9 10 1 50 33 34
2 10
2 1 16 17 6 7 4 3 15 14 5 8 13 18 19 20 24 23 21 22 10 11 9 12
25 3
2 5 53 52 46 51 49 50 54 55 47 48 42 43 18 19 38 41 1 56 29 28 34 33 26 27 37 36 25 20 3 4 14 15 40 39 16 17 9 8 32 35 12 13 10 11 6 7 30 31 24 21 22 23 44 45
3 32
54 53 40 41 6 7 13 12 2 65 43 44 36 35 31 32 3 4 21 22 5 52 45 46 60 57 20 47 42 29 14 19 55 56 10 11 67 66 9 8 23 24 61 62 63 64 30 33 1 70 34 37 18 15 50 49 58 59 27 28 25 26 69 68 48 51 39 38 16 17
2 19
1 2 11 30 28 29 24 17 39 40 42 41 19 20 31 32 12 13 34 35 8 33 37 36 18 21 3 38 27 26 5 4 6 7 23 22 10 9 15 16 25 14
1 100
103 104 196 195 177 178 43 42 163 162 53 150 50 153 151 152 140 61 197 4 101 100 194 193 73 72 135 136 158 45 112 111 28 173 170 169 105 96 200 1 66 65 138 137 154 49 110 109 32 31 85 86 78 123 59 58 87 116 189 14 27 26 51 52 46 157 102 99 2 199 74 75 166 167 144 145 25 176 56 147 20 19 54 149 70 131 202 201 21 22 3 198 79 80 13 190 161 40 115 114 68 69 44 159 98 97 148 55 91 92 7 8 118 117 47 156 121 122 76 127 84 83 67 134 6 5 187 188 94 93 33 34 168 35 29 172 171 30 174 175 192 191 181 182 9 10 48 155 17 184 124 77 62 139 128 129 38 37 141 142 82 81 146 57 180 23 179 24 133 132 90 113 12 11 89 88 95 108 64 63 119 120 165 36 15 186 183 18 16 185 143 60 160 41 125 126 39 164 71 130 107 106
29 3
45 44 6 5 37 34 7 62 13 54 31 40 39 38 56 55 61 60 22 21 29 30 41 42 20 49 18 19 50 51 4 3 23 24 58 57 9 8 33 32 47 48 10 11 15 14 52 53 63 2 46 25 12 59 16 17 28 43 1 64 35 36 27 26
10 3
18 17 14 3 15 16 23 24 13 12 2 25 6 5 11 4 8 7 21 22 9 10 1 26 19 20
24 2
27 28 46 45 52 1 26 25 31 30 44 13 32 21 8 47 3 2 5 4 11 12 48 7 33 20 50 49 41 40 9 10 39 18 23 22 15 42 36 35 29 24 6 51 17 16 14 43 38 37 19 34
3 33
63 6 47 20 2 69 23 26 3 68 5 64 53 54 33 36 49 18 28 41 65 66 42 27 43 22 37 38 55 56 19 48 50 17 29 40 44 45 46 21 30 31 34 35 61 58 11 12 7 62 14 51 32 39 25 24 1 72 9 10 52 57 13 8 70 71 59 60 15 16 67 4
2 6
2 1 7 6 3 4 13 10 16 15 8 5 12 11 9 14
7 3
20 19 4 5 11 12 14 15 17 18 16 13 1 2 7 8 3 10 6 9
10 10
5 4 33 34 12 11 31 28 30 29 7 2 20 17 32 35 18 19 6 3 38 9 10 37 27 26 25 14 16 21 24 23 40 1 15 22 13 36 8 39
5 10
6 29 1 4 15 16 24 21 26 27 5 30 10 25 13 12 11 20 17 18 14 19 7 28 8 9 3 2 23 22
1 4
5 4 8 3 2 9 1 10 6 7
2 14
25 26 24 27 12 7 14 13 29 2 30 31 17 18 22 21 32 1 11 10 16 19 5 6 8 9 4 3 28 23 20 15
30 3
60 13 49 24 5 2 46 27 21 52 29 44 3 4 31 42 17 56 10 63 51 22 16 57 36 37 48 25 40 33 8 65 39 34 59 14 62 11 26 47 23 50 54 19 9 64 38 35 43 30 12 61 55 18 7 66 20 53 28 45 41 32 58 15 1 6
18 5
9 44 45 4 18 17 33 32 26 27 42 41 31 34 8 7 10 43 14 23 20 21 2 1 25 30 16 19 35 38 46 3 29 28 15 22 24 39 13 40 37 36 6 5 11 12
5 20
15 14 37 4 35 32 41 48 7 8 36 29 46 45 31 30 40 39 21 12 13 20 9 6 43 44 23 26 42 47 24 25 33 34 5 10 17 18 16 19 27 22 50 3 1 2 38 49 28 11
9 6
9 6 5 4 22 25 3 2 19 20 15 14 8 7 24 23 16 13 12 17 10 1 21 30 29 26 18 11 28 27
4 18
37 38 34 33 18 19 39 40 11 26 24 25 6 5 35 2 41 36 28 3 4 7 23 12 31 32 42 43 14 15 16 17 30 29 1 44 22 21 10 9 13 20 8 27
6 13
6 33 14 15 11 24 5 36 37 38 26 29 10 9 30 25 31 32 35 34 7 8 12 23 16 13 1 2 18 19 3 4 22 17 21 20 28 27
33 3
11 10 12 15 37 38 44 45 33 36 63 16 61 60 69 72 22 21 7 8 27 28 49 48 52 51 35 34 54 23 56 55 65 66 71 70 39 40 18 17 62 59 64 9 46 47 58 19 53 24 57 20 32 31 29 50 2 5 26 25 13 14 68 67 3 4 43 30 42 41 1 6
10 10
18 17 10 9 34 35 4 3 15 6 33 32 38 31 14 13 23 20 30 29 40 39 22 21 7 8 37 36 28 27 2 1 26 25 5 24 11 12 19 16
6 3
18 1 15 16 2 17 5 14 12 13 3 4 10 7 8 9 6 11
7 14
24 21 1 2 30 29 40 39 7 4 33 36 12 19 20 25 35 34 6 5 16 13 31 8 11 26 10 27 15 14 38 41 18 17 22 23 3 42 9 28 32 37
3 20
33 34 19 18 3 42 12 13 14 15 35 10 9 8 45 2 44 43 6 5 38 37 17 20 27 28 29 16 32 31 4 39 25 24 41 40 7 36 1 46 26 23 21 22 11 30
3 14
31 34 32 33 22 19 28 27 21 20 9 8 29 6 13 14 25 24 4 3 10 11 12 7 18 17 2 1 26 23 15 16 30 5
2 6
13 8 6 7 14 15 16 5 10 11 2 1 9 12 3 4
2 16
6 5 10 11 24 25 16 17 22 21 3 32 20 19 2 35 26 29 12 13 23 18 8 9 36 1 14 15 28 27 30 31 34 33 4 7
6 16
38 39 18 23 2 3 11 12 35 34 25 26 27 24 37 40 29 28 7 6 13 10 1 32 33 42 5 30 41 36 4 31 8 9 16 17 15 14 22 19 43 44 21 20
7 14
37 36 21 10 1 42 41 40 39 2 13 14 23 22 7 8 3 4 16 15 17 18 12 11 29 24 34 33 9 38 6 5 35 32 20 19 28 25 27 26 30 31
4 10
21 20 23 24 19 16 28 27 5 4 10 1 7 8 9 6 25 26 18 17 13 14 2 3 22 11 15 12
14 7
6 7 20 21 26 25 3 2 28 29 40 37 15 12 41 8 22 19 18 17 23 24 11 16 35 34 4 5 30 33 9 36 32 31 14 13 1 42 10 27 38 39
3 7
16 17 4 3 9 8 2 5 1 20 13 18 7 10 6 19 12 11 15 14
5 20
24 25 48 1 12 29 35 34 16 27 7 8 18 19 43 6 41 40 14 15 39 38 44 47 30 31 50 49 46 45 9 42 13 28 17 22 5 2 11 36 37 10 26 23 21 20 3 4 33 32
7 14
38 5 28 29 2 41 7 36 32 25 30 27 42 1 15 10 14 11 20 23 13 12 17 8 3 40 6 37 39 4 33 24 31 26 21 22 18 35 34 19 9 16
9 10
6 5 22 35 1 38 28 25 23 34 18 17 8 9 30 31 37 4 10 13 3 2 27 26 12 11 14 21 7 36 19 16 20 15 32 29 24 33
5 20
11 10 33 28 27 20 45 42 40 41 4 35 25 24 26 23 44 43 2 39 19 16 1 50 3 38 48 47 15 6 34 5 18 17 7 8 49 46 32 29 13 12 31 30 22 21 9 14 37 36
14 2
32 29 16 17 10 9 2 1 23 20 15 18 26 27 19 14 22 21 3 28 8 11 13 12 25 4 31 30 24 7 6 5
4 1
10 1 8 7 6 3 9 2 4 5
10 9
19 18 35 28 36 27 11 6 10 9 23 24 17 16 31 30 12 15 34 33 38 5 1 2 8 7 4 3 29 32 20 37 22 21 14 13 26 25
25 4
44 45 55 4 56 3 18 15 24 25 30 27 12 13 43 46 54 51 23 26 37 36 34 33 53 52 40 41 11 14 5 32 16 17 22 19 20 21 29 28 31 6 7 10 35 38 39 42 57 2 50 47 49 48 9 8 1 58
22 4
40 21 36 25 6 3 35 26 45 16 29 32 5 4 38 23 28 33 24 37 20 41 12 49 43 18 15 46 9 52 47 14 17 44 8 1 19 42 50 11 10 51 48 13 22 39 34 27 7 2 30 31
20 5
18 19 48 3 38 37 20 39 23 24 15 16 42 43 7 44 26 27 10 13 50 49 6 5 2 1 36 35 30 31 40 17 45 46 8 9 34 25 4 47 14 41 11 12 32 29 28 33 21 22
3 33
4 65 63 64 32 33 20 19 6 5 50 49 21 24 31 42 22 23 57 12 41 38 71 70 51 52 30 29 35 34 55 14 72 69 61 62 60 7 3 2 43 44 10 9 47 46 11 8 25 26 53 18 66 1 27 48 16 17 13 56 58 59 68 67 39 40 28 45 54 15 36 37
7 2
11 9 8 15 6 13 17 16 3 5 18 1 14 2 7 12 4 10
13 6
3 8 19 18 14 15 1 38 32 33 4 7 6 5 2 31 24 23 30 29 28 11 36 37 25 26 21 12 27 22 35 34 10 9 16 17 13 20
5 12
11 28 25 26 34 1 32 33 16 15 30 31 12 27 6 9 13 20 19 18 5 2 24 21 8 7 17 14 29 10 23 22 3 4
33 3
45 44 42 41 38 37 55 58 14 65 52 53 31 48 28 29 1 72 67 10 49 54 66 13 6 7 27 26 70 3 25 24 35 46 39 36 50 51 60 59 17 16 61 62 43 40 8 69 57 56 22 21 12 11 18 63 4 5 68 9 71 2 19 30 32 33 23 20 64 15 47 34
7 1
15 16 12 13 4 5 9 10 2 3 1 6 8 7 11 14
2 16
16 15 13 10 21 22 25 26 29 28 35 6 8 7 20 19 5 4 24 23 31 30 2 1 9 14 34 33 27 32 17 18 12 11 3 36
9 5
2 27 13 24 9 10 5 4 22 21 8 3 15 14 28 1 19 20 18 17 12 11 7 6 26 25 16 23
7 14
3 38 17 16 33 4 31 32 21 22 24 27 29 30 5 10 40 41 39 2 23 20 9 6 8 7 11 12 35 34 14 19 15 18 42 1 13 28 25 26 36 37
10 9
16 17 27 28 25 26 5 6 36 35 10 23 20 15 12 21 37 34 7 38 33 24 22 11 13 14 29 32 4 1 19 18 8 9 2 3 31 30
7 14
10 11 15 14 36 35 37 30 27 26 13 12 29 8 4 1 33 34 17 16 31 32 2 3 38 39 18 19 9 20 7 42 23 22 41 40 5 6 21 24 28 25
12 5
12 29 28 10 3 32 22 11 23 16 33 34 15 4 13 8 6 20 2 30 7 17 18 19 9 14 1 26 25 24 5 31 27 21
14 7
1 42 10 9 18 19 22 17 21 20 31 32 6 7 34 35 13 14 25 26 38 41 24 29 33 2 27 28 40 39 5 8 15 16 12 11 23 30 36 37 3 4
7 14
14 13 18 19 25 32 7 38 28 31 22 21 23 24 29 30 11 12 10 17 20 9 1 40 41 42 35 34 39 2 5 4 26 27 16 15 3 6 8 37 33 36
16 6
5 40 28 25 9 10 11 12 16 17 35 36 8 7 24 23 18 39 41 42 6 13 21 22 34 29 31 30 44 43 37 38 2 1 26 27 33 32 3 4 19 20 14 15
1 5
7 12 6 5 1 2 3 4 8 9 11 10
5 20
27 26 50 43 36 5 10 11 45 44 41 40 17 14 9 32 38 37 8 7 18 23 35 6 49 46 19 20 15 16 48 47 21 22 42 39 30 29 3 2 25 28 33 34 31 24 12 13 1 4
20 5
28 25 46 45 32 29 18 19 13 40 33 24 10 9 42 41 31 30 1 2 12 11 5 8 36 37 16 17 49 48 20 23 43 44 35 34 22 21 4 3 26 27 39 38 6 7 50 47 14 15
33 3
48 49 53 58 50 29 52 21 38 41 9 66 68 7 28 51 59 20 72 69 34 33 8 67 62 63 42 43 1 6 30 47 39 40 18 61 46 31 12 13 3 4 25 24 54 57 10 65 5 2 71 70 27 22 11 16 26 23 55 56 64 17 37 44 14 15 45 32 35 36 60 19
4 25
44 43 53 2 9 50 40 13 47 12 41 46 16 15 7 8 37 38 35 34 19 18 54 57 33 32 52 51 23 36 1 58 21 14 4 5 28 31 10 49 30 29 20 17 48 11 22 39 25 24 26 27 56 55 3 6 42 45
5 20
40 9 11 10 48 49 21 20 13 14 2 3 30 19 22 27 44 43 7 8 17 18 5 4 12 31 23 24 26 25 39 36 41 42 16 15 29 28 47 46 50 1 6 45 35 32 33 34 37 38
16 6
18 43 31 30 5 4 8 9 15 12 17 16 27 34 7 10 2 3 25 24 20 23 14 13 35 36 6 11 40 39 26 37 21 22 29 28 33 32 1 44 38 41 19 42
33 3
72 1 36 37 8 7 46 39 14 15 13 20 27 26 70 71 57 60 4 3 62 63 58 59 51 52 16 17 44 43 53 54 11 10 24 21 33 34 61 64 31 32 30 29 47 48 25 38 28 35 12 9 18 19 2 69 49 50 42 41 66 65 5 6 22 23 68 67 56 55 45 40
7 13
12 11 38 33 29 20 7 6 26 23 10 9 25 24 39 8 4 5 28 21 2 1 3 40 14 19 37 34 27 22 17 16 15 18 30 31 36 35 13 32
7 4
1 22 17 18 2 3 5 4 8 19 13 14 10 9 7 6 11 12 16 15 21 20
14 7
32 33 15 16 24 21 39 38 36 3 11 6 18 13 37 2 14 17 28 27 9 8 29 34 20 25 5 12 41 40 26 19 23 22 30 31 42 1 7 10 4 35
10 9
5 12 35 2 32 31 28 25 10 7 30 3 24 19 15 16 18 29 20 23 4 13 11 6 21 22 8 9 34 33 14 17 37 38 26 27 36 1
4 25
26 25 49 48 53 40 11 20 9 8 17 16 38 37 58 57 19 18 22 21 45 46 14 15 24 29 44 43 54 55 4 3 23 30 28 27 42 41 56 1 2 5 12 13 33 32 47 52 7 6 35 36 51 50 31 34 39 10
20 2
16 17 12 11 28 33 6 41 1 4 34 13 30 29 36 35 23 22 10 37 14 15 9 38 19 18 5 42 27 26 39 40 7 8 24 25 31 32 21 20 43 44 2 3
10 10
30 33 21 20 38 39 28 37 10 11 40 27 7 4 9 12 19 26 23 24 32 31 8 3 1 16 22 25 29 36 18 17 2 13 5 6 15 14 35 34
3 33
15 16 44 45 72 3 43 28 53 54 36 33 12 13 50 17 69 70 8 7 19 18 30 39 67 4 26 27 68 71 49 20 1 2 61 60 56 57 42 29 48 47 21 22 24 25 66 65 51 52 35 34 9 58 63 64 59 62 40 41 11 10 55 14 31 32 5 6 38 37 23 46
2 5
10 11 14 1 8 7 2 9 6 3 12 13 5 4
17 3
7 6 38 39 28 27 40 1 34 33 26 23 24 25 2 5 32 9 31 30 14 13 35 8 11 10 21 20 37 36 19 18 12 29 15 16 3 4 17 22
41 2
25 26 59 60 10 79 76 77 58 27 64 63 81 80 50 51 29 28 4 85 68 21 61 62 67 22 16 15 56 33 82 7 49 48 75 74 18 17 24 23 36 53 40 37 3 2 14 73 46 47 72 19 13 78 8 9 83 84 65 66 34 35 42 43 38 39 70 69 31 30 32 57 54 55 1 86 41 52 6 5 11 12 45 44 71 20
14 7
35 16 13 40 30 33 27 28 12 5 39 38 22 21 37 36 10 7 6 11 9 8 24 23 29 34 15 14 20 25 31 32 41 4 17 18 42 1 19 26 3 2
13 7
37 36 13 10 5 6 18 19 15 30 16 27 21 20 3 2 33 32 4 1 7 8 25 26 24 17 28 29 9 40 11 12 34 35 22 23 14 31 39 38
50 2
29 28 82 83 99 100 27 80 57 52 95 94 41 64 50 51 34 33 8 7 35 72 103 4 60 59 15 14 45 44 26 25 39 38 47 46 101 102 12 93 88 87 58 61 17 18 3 2 81 84 30 31 36 37 63 62 42 43 67 66 74 75 40 65 96 97 76 77 91 92 16 13 69 68 9 98 70 71 104 1 6 5 86 85 21 20 23 24 56 53 55 54 48 49 32 73 79 78 22 19 10 11 90 89
6 16
4 27 13 18 21 22 12 19 20 23 30 33 34 41 35 40 9 8 10 25 11 24 43 28 39 38 2 1 37 36 42 29 26 7 31 32 17 16 3 44 5 6 14 15
20 5
23 30 18 37 29 24 36 19 16 41 28 27 32 33 17 40 22 31 6 7 48 5 4 49 15 12 9 8 10 11 20 35 42 47 1 50 45 44 2 3 34 21 43 46 26 25 39 38 14 13
2 50
54 55 3 6 27 8 34 35 69 68 44 45 67 76 98 97 94 93 83 82 60 61 86 89 21 26 59 92 4 5 62 63 65 64 11 10 100 95 87 88 33 38 75 74 78 79 50 51 57 56 16 13 32 7 102 101 81 80 46 47 19 20 77 66 36 37 31 28 103 104 29 30 40 41 25 24 58 53 1 2 85 84 23 22 99 96 70 71 18 17 90 91 42 39 52 49 14 15 72 73 43 48 12 9
10 10
14 7 21 22 23 20 10 9 18 17 1 38 28 29 26 3 30 27 39 40 24 19 5 16 11 8 31 32 35 36 25 4 12 13 34 33 6 15 37 2
1 50
19 82 72 29 90 91 62 61 95 94 41 42 88 13 6 5 54 53 65 66 27 76 81 20 85 86 8 93 46 47 57 56 43 58 70 31 2 1 87 16 48 55 15 14 98 97 89 12 52 49 37 38 44 45 50 51 80 79 77 24 30 71 64 39 4 99 40 63 11 10 26 25 23 78 33 32 22 21 83 84 101 102 67 34 73 28 9 92 69 68 60 59 96 7 17 18 3 100 36 35 75 74
10 10
1 38 37 18 23 20 26 27 29 32 2 13 9 6 4 11 8 7 5 10 31 30 3 12 28 25 17 16 39 40 24 19 34 35 22 21 36 33 14 15
7 2
5 4 12 11 13 10 18 17 3 2 15 14 8 9 16 7 6 1
2 10
19 14 17 16 20 21 8 9 13 10 22 1 18 15 5 6 24 23 2 7 4 3 12 11
10 4
23 24 26 3 11 10 13 14 18 17 21 20 5 6 15 16 4 25 8 7 9 12 19 22 28 27 2 1
10 5
11 30 17 14 28 29 15 16 23 22 10 1 19 24 21 20 2 3 26 13 18 25 5 4 9 6 8 7 27 12
7 5
9 8 12 3 16 15 21 20 6 5 10 11 19 18 17 14 4 7 1 24 13 22 2 23
5 2
3 6 9 12 2 1 8 7 13 14 11 10 5 4
10 8
5 28 25 26 24 23 8 7 21 20 29 30 35 36 34 1 22 15 17 18 19 16 11 10 9 6 14 13 3 2 4 31 27 12 33 32
13 4
34 33 15 14 25 22 3 16 6 5 2 19 11 10 4 7 28 29 21 20 9 8 18 17 31 30 12 13 26 27 24 23 32 1
16 4
38 39 27 28 5 36 31 14 12 13 7 34 25 26 11 8 16 17 40 1 4 3 10 9 35 6 24 29 18 23 32 33 37 2 22 21 30 15 19 20
20 5
9 44 22 35 4 1 28 25 47 46 34 33 29 24 18 17 6 5 36 37 41 10 42 43 26 27 7 48 3 2 12 13 31 30 45 8 50 49 23 32 15 16 39 40 38 19 14 11 20 21
12 4
17 32 19 22 31 18 4 5 3 6 15 14 21 20 12 9 28 29 1 8 11 10 16 13 7 2 27 30 24 25 26 23
3 29
40 25 41 22 28 27 7 56 14 15 64 1 24 23 11 50 45 16 59 60 10 53 39 38 61 62 8 9 3 58 36 35 49 12 46 13 18 19 37 34 47 48 55 54 43 20 2 63 17 44 31 32 57 6 5 4 30 29 51 52 21 42 26 33
4 25
33 16 57 56 41 38 48 43 3 10 15 36 46 45 42 37 53 52 12 11 50 55 25 22 29 30 35 34 27 26 17 18 51 54 9 8 49 2 1 58 6 7 24 23 13 14 40 39 20 19 4 5 28 21 31 32 44 47
6 16
21 22 24 23 34 33 29 30 9 8 14 11 18 15 32 27 39 40 1 44 38 43 36 7 17 16 5 4 26 35 2 3 20 19 13 12 6 37 25 10 31 28 41 42
10 1
14 15 20 21 19 18 2 1 10 9 16 17 8 11 4 7 6 5 22 3 12 13
10 10
31 10 38 35 6 3 24 21 23 22 34 33 12 13 4 5 7 8 28 29 17 18 26 19 14 11 39 32 25 20 36 37 9 2 27 30 16 15 40 1
20 5
30 31 50 47 10 11 14 13 46 1 32 19 27 28 9 38 29 26 4 3 12 37 25 24 44 5 35 36 34 15 16 33 17 18 8 39 7 6 22 21 41 42 43 40 23 20 48 49 45 2
