100
15 4
0000 0001 0010 0011 0100 0101 0110 0111 1000 1001 1010 1011 1101 1110 1111
1100
7 3
000 001 010 011 100 101 111
110
1 6
000000
111111
15 4
0000 0001 0010 0011 0100 0101 0110 0111 1000 1001 1010 1011 1100 1101 1111
1110
72 48
000000010111100101010010111001101001111000111111 000001001101100001010000100110101011100110011111 000101110010001111110010000110001000111010100001 000110100000001011101101000110011100001111100101 000110100010001111101001100000000110101111110011 000111100000000110101101000110010010001110000001 000111100000011111101001000110010100001111000101 000111100010001000100001000110100101001111100001 000111110000001110001001000110010100000111100011 001010011111111001100111110101101000110000010010 001010111101111001110011111000000011111000111110 001010111111100111011010111000101011110000011010 001011101000001010110001000111110111001111100011 001100000111110000000111111001101101110000011100 010000000011110001010110011001000011100000011110 010100110110101111110100101000110001101001011010 010100111111001101011110111000100011101010011110 010110101100100011011100100101111001000010100100 011000010101010101010110111001011011111000011111 011000011011110011010110110001001011110000001110 011000011101110111010111111011100010110001011110 011000011111010001010110010101101011010000011110 011000011111010001100010111001101101010000011110 011000011111110001010111111000001010101000111110 011001010010100001011010000001100001110000010110 011001011111111000010110111001100111110001011110 011010010100011001010011111000101100100001111111 011100010111110011000101111011101111000000011100 011100011111110001010110111001101011110000011110 011101001010110010101010100100000100001011101101 100011001001011111101101010101000100001111100101 100011011101010010101100111111101110110001010111 100011100000101110101001000100010100001111100001 100011100111000000111000000110100000011111100101 100011101100011100101001010110110010001101000001 100101100011000111101001001101010010101101100011 100110000001001100010001000000000101001011100001 100110011011011001100111110001101001100011110111 100110100000001110101001001110010100001011100001 100110100010001110101001000110010100001111100011 100111000000001110101011000110010100001111100001 100111100000001100101001000110010100001111100000 100111100000001100101001000110010100101111100011 100111100000001110101000000110010110001111100001 100111100000001110101001010110011100001011111001 100111100001001110101001000110000100011110010000 100111100001101111101001100010010101001100000001 100111110100111100101001100111111010110001000011 101100101011001100111001110010111001110110111111 101110101010111000101011000000001100101101100001 101110101011000000111101101101100001100000101011 101111100000001110101001010110010000001111100001 110001110110011111101000001100010001010101110011 110001111111101010010100001001011010010100011011 110010100001011101100110011110011000100110101101 110011011110010011010101110110111110110001001011 110100100001000000111100100011110111101100011101 110100110101111110010001111100111011000101000010 110101110000111100111010000111011000001101000111 110111000111110110101011100111101000110010100101 110111100000000110101001010110000111001111000011 110111100000001110101001100111111100001111100001 110111100000001110101011000100010100001101100011 111000001100110110010110111010010010110101111001 111000010010101110110000001101001010110000111010 111001011010110000010100111011101011110000011110 111001011101110110000111101001110010110001111100 111010001111101000010010101111001010111000111010 111010011000110100111010011111000010000010011000 111100111001011000110111110101101011010100011110 111110110010000010111101100001010011011010000100 111110111000110011100011111000100110101000110010
011000011111110001010110111001101011110000011110
100 45
000000011011110001011110010101101000010110001 000000101101110011001011010101111000011010001 000000110111111011100100000011001101000110001 000000111001011000101110111101101001100010110 000001000100001111110001100110010110010011011 000001000110001110001001101010010111010101000 000001010100111011000000111111000110010101000 000001011001100100111110011110001001011011000 000001100101010010100010010111000010100111001 000001111110011110111100101101101101100110100 000100001100110111011101000001011100010010010 000100011000110100000001000000100110100100011 000101101011111010101110001001111111011110001 000110011001110001111101011101101101101110000 000110110111110010111011010110011011010111101 000110111111100001110000110111100101001010101 001001000010000111000011001010010110010111000 001001111111111110100010001101011000000110010 001010111001010000001010000111111000101000010 001110110101101001111111000001000001100111111 001110111001110000111110010101101101100100110 001110111011110101111110110100010011101000100 010000000110001110000011101010010110010001001 010000000110001111000001101010010110010001001 010000010100001111100010100110000000101010011 010000011111111111101010001101110110000100110 010000100100011110000000100010010010010001001 010000101110001101000001101010010110010001001 010001000110001111000001101010010110010000001 010001000110001111010001101010010010010001001 010001000110001111100001001010010010010001101 010001000110101110000001101010110110010001001 010001001110001111100001101010011110010001001 010001100000001111000110101010100100111001001 010001100110000111000001111010010110110001001 010001100110011100000111101100010010010001011 010001101110101111000000101111010011010001110 010001110110001110100001101010011110010001101 010010000101001111101101101010000110001000000 010010111011110101111110110000101101110110111 010010111110000011000001100111011010011001011 010011000100001011001001111010010100010001011 010011000110001111000001101001000110011001010 010011001010000100000001101101011010110011000 010011001111100100010100111111110000000100011 010011101100111110000101101011101100010111000 010100010100001001000101101010011010011000010 010101000110001111000001101010010110010001001 010101010011000110010000011110000001011010011 010101100110111111000001111000110110110011001 010110000110001111010101111000010000111001000 011001010110000110000001101010100110010011001 011010000100011010111101010001111001011110110 011101000110001111010000101011000100110000010 011111001010101100000001011111010101100011111 011111010101100000011100000111001000111000110 100001000110110011011110101000110011010011001 100001001110000001001001011001110100000001001 100011100010011100001111111011010110111011111 100100111100010101100110001011101101111011010 100110011101010001111111010101111001101100110 100110110001111001100110010101101001100010110 101000001111011011011010010110100001011001101 101001001111110000100011100111100001001011110 101010101001100000111011011101101000001110000 101010110100110100111111000101110001101110101 101010111001110001111110010101101001101110110 101011111000110010111110010101101001001000110 101100010000100000111110100011101001100010110 101100011001010000100111110100110001101110010 101100111000110000111100011011101001001111110 101100111001110000111110010101101001101110100 101110011001110000111110010101101001001110110 101110111001010000110110010101101001101110100 101110111001010000111110010101111011101110110 101110111001110000111110010001101001101110110 101110111001110000111110010101101001100110100 101110111001110000111110010101101001101010110 101110111001110000111110010101101011101110110 101110111001110000111111110101101001101110110 101110111001111000111110010101101001101110111 101110111101110001011111010101101101101110100 101110111111110101001100110100101001101110110 101111111001111000111110010101100101111111100 110001001101010000001101110101010001011011011 110001001110101110000000111100110110000001001 110001100010010111010001001010010111110001001 110100001011010000101001101101100010101110001 110101000100001111100001001110111000011001001 110101001100010111001001111010110111010001010 110110101101101010100111000000101100011001110 110110111001110000111010111001101001001110110 111000100011100000101000000000111010000011101 111001010101111100110110100111111101000100010 111010111001110000011110010001101101101110000 111011000110000000111000110001000100101100010 111100000010011100000000011010010000001011011 111110110101110000100110011001101001011010110 111111000101001111001100000010010011100011101 111111111111110001111010000000111010100100000
010001000110001111000001101010010110010001001
100 50
00000000100011110101111011111111010010100110000001 00010010000001110001111100011111101000111110000100 00010011000001110101001100011110101010111110000100 00010100101010110101011111100111000010001100000000 00010110000010011011101010001110011011101110011111 00101000111011011100010011100000011011001101101100 00101001101100111111000011100000110101100111111010 00101101111110001110000011100000011101010000111011 00101110001101101000100101110101100000111100111100 00101111101111110000111101101011000101010101101111 00101111111001111110100111011000010101101101010010 00110001000001010000111011010111001011000110000111 01000010000001000011101010000101110011100011101001 01001101111100000100111011100001011111010000111011 01001101111110001110000011000000011101010001111001 01010001001001001001011011110000100010011100011100 01010100011110001011001110011011000101011110100001 01010111111000110111000001000100110011011010110011 01100101110111010001011100001001100001111110001101 01100101111110001110001001110000000101000100111111 01100111011110110110000001000111110110100011011110 01101001001010010111001010101001101101101101111101 01101100101110101111000001100000010101000001110001 01101100111110011110100011100000010100000000111011 01101101011000001111001010111100010011000001011010 01101101100110000110000101001001010110010011110101 01101101110110111110100111000100000001001011111110 01101101111010101110010011100000010101100001011001 01101101111100101110000011110001110101000010110011 01101101111110001010000011100000010101000011111000 01101101111110001100010001100000010101100001111011 01101101111110001110000011000000010111000001111011 01101101111110001110000011100000010000000001111011 01101101111110001110000011100000010001000001111011 01101101111110001110000011100000010101000001111010 01101101111110001110000011100000010101000101111001 01101101111110001110000011100000011101000001111011 01101101111110001110100011100000010101000001111011 01101101111110001110110001000100010101000001111011 01101101111110001111000010100001010101010001011011 01101101111110101110001001100011010101000111101111 01101101111111001111000011100000011101000011111011 01101111111010000000000000110100110101001001000000 01101111111110001110000011100000010101000001101010 01111011111110001110000011100000010001000101111011 01111101010110110010000011000111011101001010010011 01111101011000001111010011100100011100010001011100 10000010000010110001111100011111101010111100000100 10000010000101110001111100011111101010111110000100 10001000001101110001011111011110111110100100000000 10001011000011001011001010001010100111000000111000 10001011001101000010001100110010010000000100001011 10001111011001011110111101110000011110010101011101 10010000000001100000100110001110110000111100001000 10010000101001010011100101111111010000111010010101 10010010000000110001111110111111100000111110010100 10010010000001110001101100011111101010111010000100 10010010000001110001111100011111101010111100010000 10010010000001110001111100011111111010111110000100 10010010000001110011111100011111111010111110100100 10010010010001110001111100011111101010101110000100 10010010111001010001100111011001101011000111101101 10010101011001110111001100011111100101001111000100 10010110000011110001111110001111101010111010000100 10011010010010001110100000101110111001001010111000 10100000100001101001011001010110111000111010001100 10100001000111110001100000010011100100101110110100 10100001000111110011011100110011110011100000110100 10100010001000010101110010111101100111111111100000 10101011001110010111110100111111000000011111100100 10101100110010000000110100000010101011111010101111 10110000111011010101000000011011001001000100000001 10110010010001100100001010101000001011110100111100 10110011001011010011101101101111111011111111011111 10110011001100100001111010101101001010111110100000 10110011101001111000111111111101111011111011011101 10110110000000110011100011101011110110111110001110 10110111111110000110011111101011011101001100111111 10111100010011100101110000010110111101000000111001 11000000000000101101011100011110111110100011001100 11000100111101000100001011110000000101000000111011 11001101111110001010100011100001010101100001111011 11010000110001110011101110011100100111100011100100 11010101000000101001101101010111011111011111010100 11010101110110110000000011111011010100101010101011 11010110010011010101110100011010100000111000010110 11010111000001110001111100001111101010111110000100 11011011000011110100110100011101101110101110100100 11011101111100101010101100011011001001011110100011 11011111001010110000101110110000100110101000001100 11100011100011110000011101100111111110101110101101 11100101010010000100001001101010100101101110101101 11100110111001001001001000101101000010000010111001 11101100101000011000001111110010011000000001001000 11101100110010000000101110010001000010111000001111 11110000110111101100100001101011110001101101100101 11111001101010100111000000100000011101000001011111 11111101100110010010000010101000011101001000111011 11111110001111101110000110011110110100110010101010 11111111111100011110111010100011010100100011101011
10010010000001110001111100011111101010111110000100
49 49
1111111111111111111111111111111111111111111111110 1111111111111111111111111111111111111111111111101 1111111111111111111111111111111111111111111111011 1111111111111111111111111111111111111111111110111 1111111111111111111111111111111111111111111101111 1111111111111111111111111111111111111111111011111 1111111111111111111111111111111111111111110111111 1111111111111111111111111111111111111111101111111 1111111111111111111111111111111111111111011111111 1111111111111111111111111111111111111110111111111 1111111111111111111111111111111111111101111111111 1111111111111111111111111111111111111011111111111 1111111111111111111111111111111111110111111111111 1111111111111111111111111111111111101111111111111 1111111111111111111111111111111111011111111111111 1111111111111111111111111111111110111111111111111 1111111111111111111111111111111101111111111111111 1111111111111111111111111111111011111111111111111 1111111111111111111111111111110111111111111111111 1111111111111111111111111111101111111111111111111 1111111111111111111111111111011111111111111111111 1111111111111111111111111110111111111111111111111 1111111111111111111111111101111111111111111111111 1111111111111111111111111011111111111111111111111 1111111111111111111111110111111111111111111111111 1111111111111111111111101111111111111111111111111 1111111111111111111111011111111111111111111111111 1111111111111111111110111111111111111111111111111 1111111111111111111101111111111111111111111111111 1111111111111111111011111111111111111111111111111 1111111111111111110111111111111111111111111111111 1111111111111111101111111111111111111111111111111 1111111111111111011111111111111111111111111111111 1111111111111110111111111111111111111111111111111 1111111111111101111111111111111111111111111111111 1111111111111011111111111111111111111111111111111 1111111111110111111111111111111111111111111111111 1111111111101111111111111111111111111111111111111 1111111111011111111111111111111111111111111111111 1111111110111111111111111111111111111111111111111 1111111101111111111111111111111111111111111111111 1111111011111111111111111111111111111111111111111 1111110111111111111111111111111111111111111111111 1111101111111111111111111111111111111111111111111 1111011111111111111111111111111111111111111111111 1110111111111111111111111111111111111111111111111 1101111111111111111111111111111111111111111111111 1011111111111111111111111111111111111111111111111 0111111111111111111111111111111111111111111111111
1111111111111111111111111111111111111111111111111
31 5
00000 00001 00011 00100 00101 00110 00111 01000 01001 01010 01011 01100 01101 01110 01111 10000 10001 10010 10011 10100 10101 10110 10111 11000 11001 11010 11011 11100 11101 11110 11111
00010
31 5
00000 00001 00010 00011 00100 00101 00110 00111 01000 01001 01010 01011 01100 01101 01110 01111 10000 10001 10010 10011 10100 10101 10110 10111 11000 11001 11010 11100 11101 11110 11111
11011
7 3
000 001 011 100 101 110 111
010
15 4
0000 0001 0010 0011 0100 0101 0110 0111 1000 1001 1011 1100 1101 1110 1111
1010
47 47
11101101001010000011111101011101111001110001111 11101101001010000011111101011101111001110001100 11101101001010000011111101011101111001110001010 11101101001010000011111101011101111001110000110 11101101001010000011111101011101111001110011110 11101101001010000011111101011101111001110101110 11101101001010000011111101011101111001111001110 11101101001010000011111101011101111001100001110 11101101001010000011111101011101111001010001110 11101101001010000011111101011101111000110001110 11101101001010000011111101011101111011110001110 11101101001010000011111101011101111101110001110 11101101001010000011111101011101110001110001110 11101101001010000011111101011101101001110001110 11101101001010000011111101011101011001110001110 11101101001010000011111101011100111001110001110 11101101001010000011111101011111111001110001110 11101101001010000011111101011001111001110001110 11101101001010000011111101010101111001110001110 11101101001010000011111101001101111001110001110 11101101001010000011111101111101111001110001110 11101101001010000011111100011101111001110001110 11101101001010000011111111011101111001110001110 11101101001010000011111001011101111001110001110 11101101001010000011110101011101111001110001110 11101101001010000011101101011101111001110001110 11101101001010000011011101011101111001110001110 11101101001010000010111101011101111001110001110 11101101001010000001111101011101111001110001110 11101101001010000111111101011101111001110001110 11101101001010001011111101011101111001110001110 11101101001010010011111101011101111001110001110 11101101001010100011111101011101111001110001110 11101101001011000011111101011101111001110001110 11101101001000000011111101011101111001110001110 11101101001110000011111101011101111001110001110 11101101000010000011111101011101111001110001110 11101101011010000011111101011101111001110001110 11101101101010000011111101011101111001110001110 11101100001010000011111101011101111001110001110 11101111001010000011111101011101111001110001110 11101001001010000011111101011101111001110001110 11100101001010000011111101011101111001110001110 11111101001010000011111101011101111001110001110 11001101001010000011111101011101111001110001110 10101101001010000011111101011101111001110001110 01101101001010000011111101011101111001110001110
11101101001010000011111101011101111001110001110
63 6
000001 000010 000011 000100 000101 000110 000111 001000 001001 001010 001011 001100 001101 001110 001111 010000 010001 010010 010011 010100 010101 010110 010111 011000 011001 011010 011011 011100 011101 011110 011111 100000 100001 100010 100011 100100 100101 100110 100111 101000 101001 101010 101011 101100 101101 101110 101111 110000 110001 110010 110011 110100 110101 110110 110111 111000 111001 111010 111011 111100 111101 111110 111111
000000
7 3
000 001 010 100 101 110 111
011
31 5
00000 00001 00010 00011 00101 00110 00111 01000 01001 01010 01011 01100 01101 01110 01111 10000 10001 10010 10011 10100 10101 10110 10111 11000 11001 11010 11011 11100 11101 11110 11111
00100
63 6
000000 000001 000010 000011 000100 000101 000110 000111 001000 001001 001010 001011 001100 001101 001110 001111 010000 010001 010010 010011 010100 010101 010110 010111 011000 011001 011010 011011 011100 011101 011110 011111 100000 100001 100010 100011 100100 100101 100110 100111 101000 101001 101010 101011 101100 101101 101110 101111 110000 110001 110010 110011 110100 110101 110110 110111 111000 111001 111010 111011 111100 111101 111110
111111
15 4
0000 0001 0010 0011 0100 0101 0110 0111 1000 1001 1010 1011 1100 1110 1111
1101
31 5
00000 00001 00010 00011 00100 00101 00110 00111 01000 01001 01010 01011 01100 01101 01110 01111 10000 10010 10011 10100 10101 10110 10111 11000 11001 11010 11011 11100 11101 11110 11111
10001
31 5
00000 00001 00010 00011 00100 00101 00110 00111 01000 01001 01010 01011 01100 01101 01110 01111 10000 10001 10010 10011 10100 10110 10111 11000 11001 11010 11011 11100 11101 11110 11111
10101
15 4
0000 0001 0010 0011 0101 0110 0111 1000 1001 1010 1011 1100 1101 1110 1111
0100
15 4
0000 0001 0010 0011 0100 0101 0110 1000 1001 1010 1011 1100 1101 1110 1111
0111
3 2
01 10 11
00
31 5
00000 00001 00010 00011 00100 00101 00110 00111 01000 01001 01010 01011 01100 01101 01110 01111 10000 10001 10010 10011 10100 10101 10110 10111 11000 11001 11011 11100 11101 11110 11111
11010
31 5
00000 00001 00010 00011 00100 00101 00110 00111 01000 01001 01010 01011 01100 01101 01111 10000 10001 10010 10011 10100 10101 10110 10111 11000 11001 11010 11011 11100 11101 11110 11111
01110
31 5
00000 00001 00010 00011 00100 00101 00110 00111 01000 01001 01010 01011 01100 01101 01110 01111 10001 10010 10011 10100 10101 10110 10111 11000 11001 11010 11011 11100 11101 11110 11111
10000
7 3
001 010 011 100 101 110 111
000
42 42
110110110001111010010011000101101101000111 110110110001111010010011000101101101000100 110110110001111010010011000101101101000010 110110110001111010010011000101101101001110 110110110001111010010011000101101101010110 110110110001111010010011000101101101100110 110110110001111010010011000101101100000110 110110110001111010010011000101101111000110 110110110001111010010011000101101001000110 110110110001111010010011000101100101000110 110110110001111010010011000101111101000110 110110110001111010010011000101001101000110 110110110001111010010011000100101101000110 110110110001111010010011000111101101000110 110110110001111010010011000001101101000110 110110110001111010010011001101101101000110 110110110001111010010011010101101101000110 110110110001111010010011100101101101000110 110110110001111010010010000101101101000110 110110110001111010010001000101101101000110 110110110001111010010111000101101101000110 110110110001111010011011000101101101000110 110110110001111010000011000101101101000110 110110110001111010110011000101101101000110 110110110001111011010011000101101101000110 110110110001111000010011000101101101000110 110110110001111110010011000101101101000110 110110110001110010010011000101101101000110 110110110001101010010011000101101101000110 110110110001011010010011000101101101000110 110110110000111010010011000101101101000110 110110110011111010010011000101101101000110 110110110101111010010011000101101101000110 110110111001111010010011000101101101000110 110110100001111010010011000101101101000110 110110010001111010010011000101101101000110 110111110001111010010011000101101101000110 110100110001111010010011000101101101000110 110010110001111010010011000101101101000110 111110110001111010010011000101101101000110 100110110001111010010011000101101101000110 010110110001111010010011000101101101000110
110110110001111010010011000101101101000110
15 4
0000 0001 0010 0100 0101 0110 0111 1000 1001 1010 1011 1100 1101 1110 1111
0011
31 5
00000 00001 00010 00011 00100 00101 00110 00111 01000 01001 01010 01011 01100 01101 01110 01111 10000 10001 10010 10011 10100 10101 10110 10111 11000 11001 11010 11011 11100 11110 11111
11101
31 5
00000 00001 00010 00011 00100 00101 00110 00111 01000 01001 01010 01011 01100 01101 01110 01111 10000 10001 10011 10100 10101 10110 10111 11000 11001 11010 11011 11100 11101 11110 11111
10010
100 50
00000010000000111011111000111010101111000110001010 00001000001100100110111111110101100101110011111110 00001010111111001111111010010010100000001111000001 00001011111011100000001100010100100101100110111001 00010111110010100100111100110111010101111110001110 00011000011111011001101000111010101100101111100001 00011011001111111000000000001010111000101111001001 00100100110000000110111101100111010111010000110111 00100100110000100110001111100010100111011000110100 00100100110000101011111111101001011001010000111110 00101001000010010000010110001010101100001011101101 00101110111000100100101111011111010101011000100110 00111100000101100011100001000001010111110100100110 00111101101101011011010010101011101101101111101101 01000001001001111111111101100011011101111110111110 01000011101111011000010000011011100000001111001001 01001111011111001101010100011011101000101111000001 01010001011001111010000000011010111000101011001000 01010011000101100110001101011100000010010010110010 01010011001111111001000000111001010000100000101001 01011001001111011001000011011000101000101101001001 01011010001111011101000000011010101000111111001101 01011011000101010000100000011010111001101100111001 01011011000111011001000000011010101000000111001001 01011011001001011000001100011001101100111101001100 01011011001110001011110110011000110110100010001001 01011011001110011001000000011010001000101101001001 01011011001111001000000000011010101000111111001001 01011011001111001001000000001010101100101111001001 01011011001111010101000000011010100000101111001001 01011011001111011001000000011010101000101101001001 01011011001111011001000000011010101000101111011011 01011011001111011001000000011010111000001111001001 01011011001111011001001000011010100000101110001001 01011011001111011001010010011010101010101101101011 01011011001111011101110000010010101000101011011000 01011011101011011001010100110000100100100100001001 01011011101111011101100000011010101000101111001001 01011101011111111010110001111001011010011101100110 01011111001111011001000100011000111000101111101001 01100000001111010101001010011011011101100111000011 01100000010100101001100011011000111001001000000001 01100101110100000010011111110000010011010010111000 01101001111101111001000100010110000000001111011110 01101011011100010110110001111011111001111101001001 01110100111101110111110010110010101011000101101000 01111101001101111001000001010010000100001111110000 10000010110110001110001111000000011101101110001001 10000011111111001110001010100000000001000101111100 10000100110101100111101110100101000100010000010110 10000111110011001110110111100111000110010001101111 10001011001101011001000000101110000101101010100011 10010100010000110011101111000110011000010011110100 10011101010010110101110010000011011000101001111101 10100000001001100111101110010111110111010110110101 10100000010000100110101011100001011110010000111111 10100001011111011100110100001011101010011011010000 10100100010001100110110111100101010111110000110110 10100100110000100100111011111101000111010000111110 10100100110000100100111111000101010111010000110110 10100100110000100110111111100101010111010000110110 10100101111000100010011111100111010111010000110110 10100110100111000011010111000110011110011011100100 10100110101000000110011011000010111110000001011110 10100110110000110111111001000101011111111000100000 10100111000101000010100111101100111011000000100100 10101100010110000100111100100011111011010111010110 10101100100110101001000111101101001110010001111010 10101101010100100111010111001111000001101001100100 10101110100000110110101011110110010111111110011010 10101110110000101110111111100101110111010000111110 10110001000000110001100111001010001100101111101100 10110010011001110111011000100011001111010110101110 10110100100000101110110110000100110101010000110110 10110100100100110101111101100111110111011100101110 10110100110010100100110110001101111101010010110110 10110101110100110100111101111111111111010010110111 10110111001010101111010111100101011111000101100011 10110111111001001101101001111110111101000010000110 10111100110001110110111111101101011110010110111100 10111110001111001101110101001000111110101111101011 11000010110100001100111101010110010101000000110111 11000011001000110000111010101011100100100010101001 11001010100110000111111101111101101110111111101000 11001100110110001110101110101001010101111000010100 11010001010001111001110101100010011011110111000001 11010010001001011001000000011010101001101101101001 11011000000000001010111011101001010011010101110100 11011010001101011001001000111010001000101011011001 11011011000100101000000000111010101000101111101100 11011101001100100010101101101001010111011111101110 11100011100010011100000001000010101001110100111001 11100110111000100110011111110001011111011000100110 11101111011001011110000100011111001010111101101000 11110100000010100100111111100100010111010000010110 11110100010000011100001010010010101011110010011010 11111000001111011001000100010010101010000110011000 11111010000111011101100001011010101000101001101001 11111011001101011000001001001110101000001011011101 11111011101101110100100011110110100010111100000111
01011011001111011001000000011010101000101111001001
31 5
00000 00010 00011 00100 00101 00110 00111 01000 01001 01010 01011 01100 01101 01110 01111 10000 10001 10010 10011 10100 10101 10110 10111 11000 11001 11010 11011 11100 11101 11110 11111
00001
15 4
0000 0001 0010 0011 0100 0101 0110 0111 1001 1010 1011 1100 1101 1110 1111
1000
45 45
011011111110101011010110101001100000000100100 011011111110101011010110101001100000000100111 011011111110101011010110101001100000000100001 011011111110101011010110101001100000000101101 011011111110101011010110101001100000000110101 011011111110101011010110101001100000000000101 011011111110101011010110101001100000001100101 011011111110101011010110101001100000010100101 011011111110101011010110101001100000100100101 011011111110101011010110101001100001000100101 011011111110101011010110101001100010000100101 011011111110101011010110101001100100000100101 011011111110101011010110101001101000000100101 011011111110101011010110101001110000000100101 011011111110101011010110101001000000000100101 011011111110101011010110101000100000000100101 011011111110101011010110101011100000000100101 011011111110101011010110101101100000000100101 011011111110101011010110100001100000000100101 011011111110101011010110111001100000000100101 011011111110101011010110001001100000000100101 011011111110101011010111101001100000000100101 011011111110101011010100101001100000000100101 011011111110101011010010101001100000000100101 011011111110101011011110101001100000000100101 011011111110101011000110101001100000000100101 011011111110101011110110101001100000000100101 011011111110101010010110101001100000000100101 011011111110101001010110101001100000000100101 011011111110101111010110101001100000000100101 011011111110100011010110101001100000000100101 011011111110111011010110101001100000000100101 011011111110001011010110101001100000000100101 011011111111101011010110101001100000000100101 011011111100101011010110101001100000000100101 011011111010101011010110101001100000000100101 011011110110101011010110101001100000000100101 011011101110101011010110101001100000000100101 011011011110101011010110101001100000000100101 011010111110101011010110101001100000000100101 011001111110101011010110101001100000000100101 011111111110101011010110101001100000000100101 010011111110101011010110101001100000000100101 001011111110101011010110101001100000000100101 111011111110101011010110101001100000000100101
011011111110101011010110101001100000000100101
4 4
1110 1101 1011 0111
1111
7 3
000 010 011 100 101 110 111
001
3 2
00 01 10
11
31 5
00000 00001 00010 00011 00100 00101 00110 00111 01000 01010 01011 01100 01101 01110 01111 10000 10001 10010 10011 10100 10101 10110 10111 11000 11001 11010 11011 11100 11101 11110 11111
01001
31 5
00000 00001 00010 00011 00100 00101 00110 00111 01000 01001 01010 01011 01100 01101 01110 01111 10000 10001 10010 10011 10100 10101 10110 11000 11001 11010 11011 11100 11101 11110 11111
10111
1 17
00000000000000000
11111111111111111
31 5
00000 00001 00010 00011 00100 00101 00110 00111 01000 01001 01010 01100 01101 01110 01111 10000 10001 10010 10011 10100 10101 10110 10111 11000 11001 11010 11011 11100 11101 11110 11111
01011
31 5
00000 00001 00010 00011 00100 00101 00110 00111 01000 01001 01010 01011 01100 01101 01110 01111 10000 10001 10010 10011 10100 10101 10110 10111 11000 11010 11011 11100 11101 11110 11111
11001
50 50
11111111111111111111111111111111111111111111111110 11111111111111111111111111111111111111111111111101 11111111111111111111111111111111111111111111111011 11111111111111111111111111111111111111111111110111 11111111111111111111111111111111111111111111101111 11111111111111111111111111111111111111111111011111 11111111111111111111111111111111111111111110111111 11111111111111111111111111111111111111111101111111 11111111111111111111111111111111111111111011111111 11111111111111111111111111111111111111110111111111 11111111111111111111111111111111111111101111111111 11111111111111111111111111111111111111011111111111 11111111111111111111111111111111111110111111111111 11111111111111111111111111111111111101111111111111 11111111111111111111111111111111111011111111111111 11111111111111111111111111111111110111111111111111 11111111111111111111111111111111101111111111111111 11111111111111111111111111111111011111111111111111 11111111111111111111111111111110111111111111111111 11111111111111111111111111111101111111111111111111 11111111111111111111111111111011111111111111111111 11111111111111111111111111110111111111111111111111 11111111111111111111111111101111111111111111111111 11111111111111111111111111011111111111111111111111 11111111111111111111111110111111111111111111111111 11111111111111111111111101111111111111111111111111 11111111111111111111111011111111111111111111111111 11111111111111111111110111111111111111111111111111 11111111111111111111101111111111111111111111111111 11111111111111111111011111111111111111111111111111 11111111111111111110111111111111111111111111111111 11111111111111111101111111111111111111111111111111 11111111111111111011111111111111111111111111111111 11111111111111110111111111111111111111111111111111 11111111111111101111111111111111111111111111111111 11111111111111011111111111111111111111111111111111 11111111111110111111111111111111111111111111111111 11111111111101111111111111111111111111111111111111 11111111111011111111111111111111111111111111111111 11111111110111111111111111111111111111111111111111 11111111101111111111111111111111111111111111111111 11111111011111111111111111111111111111111111111111 11111110111111111111111111111111111111111111111111 11111101111111111111111111111111111111111111111111 11111011111111111111111111111111111111111111111111 11110111111111111111111111111111111111111111111111 11101111111111111111111111111111111111111111111111 11011111111111111111111111111111111111111111111111 10111111111111111111111111111111111111111111111111 01111111111111111111111111111111111111111111111111
11111111111111111111111111111111111111111111111111
31 5
00000 00001 00010 00011 00100 00101 00110 00111 01000 01001 01010 01011 01100 01101 01110 10000 10001 10010 10011 10100 10101 10110 10111 11000 11001 11010 11011 11100 11101 11110 11111
01111
43 43
0110001011101101111010010011111011001101101 0110001011101101111010010011111011001101110 0110001011101101111010010011111011001101000 0110001011101101111010010011111011001100100 0110001011101101111010010011111011001111100 0110001011101101111010010011111011001001100 0110001011101101111010010011111011000101100 0110001011101101111010010011111011011101100 0110001011101101111010010011111011101101100 0110001011101101111010010011111010001101100 0110001011101101111010010011111001001101100 0110001011101101111010010011111111001101100 0110001011101101111010010011110011001101100 0110001011101101111010010011101011001101100 0110001011101101111010010011011011001101100 0110001011101101111010010010111011001101100 0110001011101101111010010001111011001101100 0110001011101101111010010111111011001101100 0110001011101101111010011011111011001101100 0110001011101101111010000011111011001101100 0110001011101101111010110011111011001101100 0110001011101101111011010011111011001101100 0110001011101101111000010011111011001101100 0110001011101101111110010011111011001101100 0110001011101101110010010011111011001101100 0110001011101101101010010011111011001101100 0110001011101101011010010011111011001101100 0110001011101100111010010011111011001101100 0110001011101111111010010011111011001101100 0110001011101001111010010011111011001101100 0110001011100101111010010011111011001101100 0110001011111101111010010011111011001101100 0110001011001101111010010011111011001101100 0110001010101101111010010011111011001101100 0110001001101101111010010011111011001101100 0110001111101101111010010011111011001101100 0110000011101101111010010011111011001101100 0110011011101101111010010011111011001101100 0110101011101101111010010011111011001101100 0111001011101101111010010011111011001101100 0100001011101101111010010011111011001101100 0010001011101101111010010011111011001101100 1110001011101101111010010011111011001101100
0110001011101101111010010011111011001101100
15 4
0000 0001 0010 0011 0100 0101 0111 1000 1001 1010 1011 1100 1101 1110 1111
0110
25 25
1111111111111111111111110 1111111111111111111111101 1111111111111111111111011 1111111111111111111110111 1111111111111111111101111 1111111111111111111011111 1111111111111111110111111 1111111111111111101111111 1111111111111111011111111 1111111111111110111111111 1111111111111101111111111 1111111111111011111111111 1111111111110111111111111 1111111111101111111111111 1111111111011111111111111 1111111110111111111111111 1111111101111111111111111 1111111011111111111111111 1111110111111111111111111 1111101111111111111111111 1111011111111111111111111 1110111111111111111111111 1101111111111111111111111 1011111111111111111111111 0111111111111111111111111
1111111111111111111111111
31 5
00000 00001 00010 00011 00100 00101 00110 01000 01001 01010 01011 01100 01101 01110 01111 10000 10001 10010 10011 10100 10101 10110 10111 11000 11001 11010 11011 11100 11101 11110 11111
00111
31 5
00000 00001 00010 00011 00100 00101 00110 00111 01000 01001 01011 01100 01101 01110 01111 10000 10001 10010 10011 10100 10101 10110 10111 11000 11001 11010 11011 11100 11101 11110 11111
01010
41 41
00100011001010001110010100000010011011011 00100011001010001110010100000010011011000 00100011001010001110010100000010011011110 00100011001010001110010100000010011010010 00100011001010001110010100000010011001010 00100011001010001110010100000010011111010 00100011001010001110010100000010010011010 00100011001010001110010100000010001011010 00100011001010001110010100000010111011010 00100011001010001110010100000011011011010 00100011001010001110010100000000011011010 00100011001010001110010100000110011011010 00100011001010001110010100001010011011010 00100011001010001110010100010010011011010 00100011001010001110010100100010011011010 00100011001010001110010101000010011011010 00100011001010001110010110000010011011010 00100011001010001110010000000010011011010 00100011001010001110011100000010011011010 00100011001010001110000100000010011011010 00100011001010001110110100000010011011010 00100011001010001111010100000010011011010 00100011001010001100010100000010011011010 00100011001010001010010100000010011011010 00100011001010000110010100000010011011010 00100011001010011110010100000010011011010 00100011001010101110010100000010011011010 00100011001011001110010100000010011011010 00100011001000001110010100000010011011010 00100011001110001110010100000010011011010 00100011000010001110010100000010011011010 00100011011010001110010100000010011011010 00100011101010001110010100000010011011010 00100010001010001110010100000010011011010 00100001001010001110010100000010011011010 00100111001010001110010100000010011011010 00101011001010001110010100000010011011010 00110011001010001110010100000010011011010 00000011001010001110010100000010011011010 01100011001010001110010100000010011011010 10100011001010001110010100000010011011010
00100011001010001110010100000010011011010
100 45
000000000001011010010101001101110001100001111 000000011100100101001010000111001100011010010 000001101100000101010010010111011000101010010 000010000101010010010101001001110101100001101 000010110101001110110011000010111000111000110 000011010010010111010111110111010111000101111 000100000111010100100000001101100001000101100 000111011001110010011110101001010000101101111 000111110110011100101010100001011100001011010 001000010000111010101101000000100101110110011 001000010111100001101111010110000101101111010 001001101100001001011010010000011000010010111 001010010011110010111010001100001010010000100 001100110111100110101111111001001001011001010 001110001001111111101100101110000011110000101 001110100011110100011100101000111111011111011 001111101110111101101010110110001110111110011 010000100101010101001100111111110101000001101 010001110110001100100000000111101110111011110 010001111011111111001000011011000100011100010 010011010001010101011101111101100100110001001 010100101101101111111111011011110001000101110 010101011010101111000101010100101110011000000 010101100000101001100101011011100111100101010 010101111000101001101010000110001110001010110 010101111110001100101010011111000110110010011 010101111110101110100111010111011110011000010 010101111110111101101100010111001110011010010 010101111111111101101011111011001110010001000 010111011100101101101100100111001110011010110 011000111000110110001100010111001011011110001 011001001010100001010101000100111011011100101 011001110000001011110001011001101110101010110 011010010101000100010101101000111101101111101 011010111101101100111001101111111100100011011 011100000110100101001110100011011111001010111 011100100110011111101011110110100010000010000 011100111010111101101010011111001110001010010 011101011111101101100110011111001110111110010 011101100100001110001111010111100111110000010 011101101110101101101010010010001110011011010 011101111100101101101010010111001110011010010 011101111110101101101000010111001110011110010 011101111110101101101001010111000011111010000 011101111110101101101010010110001110011010010 011101111110101101101010010111001110011110110 011101111110101101101010010111011110011010010 011101111110101101111010010111001110011010010 011101111111100110001010111111001000011010010 011110001100001111101000010011101000011000110 011111100000110100111011110111001100111110110 011111111011010110111001100111011101000010101 100000101001000010011101101000111011101011001 100000111110100101111101000001011101011000110 100010000001010010000111101000110001100101101 100010000001010010010101101000110001100101101 100010000001010010011101101000110001100101101 100010000001010010110001001101110001001101000 100010000001010110010101101000110001100101001 100010000001011010000111101001000001100101101 100010010001010010010101101100100001100001101 100010010001010010110101101010101001000110000 100010010001011010010101100000110001100011101 100010100000000000010101101000110001100001101 100010110111110101100000101010001110000001101 100011000101100010100101011001111001100010101 100011010001110011110001000111110010100111100 100100001001010010010101101011100001110101101 100110000000010000010101101010110101100111111 100110000001011001100100000100010000100101101 100110010101010000011101001000101001100101001 100111110111101110001101110000100000111111100 101010000000010010010101100000100100101100101 101010000001000010010101100010110001110101101 101010001001010010011101100000011001100110001 101010010110000010010100101001110000111001100 101010101100010010010100000011111101010110001 101100110001000110000001100100111000100111000 101100111000100101010110010100000011011010110 101100111001110000100110010111110010110110110 101101111110101111101010110101101110011110010 110000100101111111010000011001101111101010000 110100010101010100001001101101111011001101110 110101110110000111101110010001111111011110100 110110000100000111111010101111010000010111001 110110000110100011100100110010011111100011111 110110011011011001000010000110000000110000001 110110011111010111110100011011001010110110111 110111000110110000000101011100110001011001100 110111101100110100001111010000101111101011111 111001001010001110101010100100001110101110010 111001001111001100011011110100001110100101100 111001101011001100111000110101011100111001000 111100011110010110010110111111001100011111100 111100101110111011101100110111000110111110011 111101110100101100101010101101001110011010010 111101111101101101101010010101011100111001010 111101111110100101101010010111001110010000010 111101111110101110111100000111101010010000110 111111111000110100000100011110010101001100110
011101111110101101101010010111001110011010010
100 50
00000000110010101111110111000111000001010100110100 00000010110111001111101011000111000011010101011011 00000100111010100000101101111001110100101011101100 00001001101100000000011100111001101010101001001101 00001010101000010001011101010001111110111111100110 00001100100001000001000110101101111100000000001111 00010100101001010000010100011011111110101000101001 00011000100011010100100100110010110100001010101111 00011011101101001001101010111100101000010111101100 00011100101001010000000100111001111100101000101001 00011101001001011000000100111001111110100110100011 00011111001001000111101111101001001011010111110001 00100000000111000001000011011101001100001111110001 00100001010100101111111101000110000000010101011100 00100010110110000110111111000110100100010101110010 00100011010110001110110111000110000011010101010100 00100011100000001000111111010001000110000010100000 00100110110101010111110011000010111111011100001100 00101010100101101011100110000001101001000110001011 00101011000100011011001011000101000010000100011101 00110101010111000110111011110011000000011101011101 00110111001011010001010100110000111111011011101011 00110111100001110100101111010001111010011010100111 00111100101001110010000000110001101100101000101001 01000001101011000010000100111000101001011010110001 01000010000101101010001010100010100100010110101010 01001010101001010010100100100000110110100011101001 01001100010001011100110011001000111110110000111011 01001100101001010000000100111001110101101011101011 01001101101100000010100000111001110100100011011000 01010010111011010110000101101000011110011110010111 01010110100001010010000101111001100011101100001011 01011000100001011000100100110101100110101010101111 01011100000001010001010100111001111111101010101011 01011100001001010000000100111001111110101010101011 01011100101001010000000000111001111111001010101011 01011100101001010000000100111001111010001110101011 01011100101001010000000100111001111110101010100011 01011100101001010000000100111011111110101010101011 01011100101001010000000101111000111110101010001010 01011100101001010000100100111001111100101010101011 01011100101001010100000100111001101110101011101010 01011100101001110000000100111001111110101010101011 01011101101001010000000100110000111010101110101011 01011110011010101100000001101111100101011111100110 01011110101001010001000110111001111110100010101011 01011111010010100010110111000111110011010100010000 01100110111111010100011101111101110011101011111000 01100111100001111001101011101111000111001100101011 01101001100011011100111010110011111100110011101011 01110100011011011101111101100011010000111001100111 01111100101011010000000100111001111110101010101011 01111100110101011000100100111001010111100011000011 10000010010110101111111011000110000001010101010100 10000101110110100111011011000110010101010101011101 10001010001001101010101010101101000010001101010100 10001011001110101111111001011101100000001011010011 10001011110001111100111110101101010001001001100101 10001011110100110010111011000010010101001101001110 10001101010010100111101001010000000100110110010000 10010011010000101110111011000100001100111101010111 10010111010101110101011101000011000100010111011100 10011001000110000010111111111101110001011110100100 10100001010010101111011011000100000001010101010100 10100001110110101111111011000100000001010101010110 10100011010010001111111010000001001000010101010100 10100011010010011111011111110101100000010101010101 10100011010010110101111011001110000001011101010101 10100011010100101010111011000110000101010001010101 10100011010110100111111011000110010001010101010100 10100011010110101111111011000110000001010101000100 10100011010110101111111111000110000101010101010100 10100011110110100111011011100111000010010001010110 10100101010111100011001010110010000000010101010101 10100101110110000001111011000110000001011101110100 10100110010000101111001111001100000001010101000100 10100111010110100111111011000110000000010101010100 10100111011111101111111001000010001001000111010100 10101010011111000101100101101000010001010111010100 10101011011010101111111011000110000011010101010100 10110011010110001001011010010110100000101101000000 10111001100000011000011111101010001100111110100110 10111011010110001111111011000110000001010101010110 10111101001011100110101001001111110001111101011100 10111110100101001000100010010111111110101000001001 11000011010111111011001011100110001000010100110011 11000101011110010110100011100111101101110100000011 11000111010100101101011011000110010101000101011110 11001000001101110000000100011001110110101011001010 11001001010110101110100010010110000001000101010000 11010110101001011100101110101101010111001001100101 11011010111100100101100101111010100000111110010110 11011110101001111000010011001100111001000010000011 11100011010110000111111010010110000001100101011100 11100101011111101010111101110001001011010111111101 11101100001001010000000110100011001101100010001011 11110011010010101101110010101000100101100011011100 11110011110110101100101111001011001000001011000110 11110110110010111111111110000100101011001001111100 11111110111110000110001110000100001111010010011110
01011100101001010000000100111001111110101010101011
3 2
00 01 11
10
48 48
110011011100111000100100011010101010000100100001 110011011100111000100100011010101010000100100010 110011011100111000100100011010101010000100100100 110011011100111000100100011010101010000100101000 110011011100111000100100011010101010000100110000 110011011100111000100100011010101010000100000000 110011011100111000100100011010101010000101100000 110011011100111000100100011010101010000110100000 110011011100111000100100011010101010000000100000 110011011100111000100100011010101010001100100000 110011011100111000100100011010101010010100100000 110011011100111000100100011010101010100100100000 110011011100111000100100011010101011000100100000 110011011100111000100100011010101000000100100000 110011011100111000100100011010101110000100100000 110011011100111000100100011010100010000100100000 110011011100111000100100011010111010000100100000 110011011100111000100100011010001010000100100000 110011011100111000100100011011101010000100100000 110011011100111000100100011000101010000100100000 110011011100111000100100011110101010000100100000 110011011100111000100100010010101010000100100000 110011011100111000100100001010101010000100100000 110011011100111000100100111010101010000100100000 110011011100111000100101011010101010000100100000 110011011100111000100110011010101010000100100000 110011011100111000100000011010101010000100100000 110011011100111000101100011010101010000100100000 110011011100111000110100011010101010000100100000 110011011100111000000100011010101010000100100000 110011011100111001100100011010101010000100100000 110011011100111010100100011010101010000100100000 110011011100111100100100011010101010000100100000 110011011100110000100100011010101010000100100000 110011011100101000100100011010101010000100100000 110011011100011000100100011010101010000100100000 110011011101111000100100011010101010000100100000 110011011110111000100100011010101010000100100000 110011011000111000100100011010101010000100100000 110011010100111000100100011010101010000100100000 110011001100111000100100011010101010000100100000 110011111100111000100100011010101010000100100000 110010011100111000100100011010101010000100100000 110001011100111000100100011010101010000100100000 110111011100111000100100011010101010000100100000 111011011100111000100100011010101010000100100000 100011011100111000100100011010101010000100100000 010011011100111000100100011010101010000100100000
110011011100111000100100011010101010000100100000
31 5
00000 00001 00010 00011 00100 00101 00110 00111 01000 01001 01010 01011 01100 01110 01111 10000 10001 10010 10011 10100 10101 10110 10111 11000 11001 11010 11011 11100 11101 11110 11111
01101
15 4
0000 0001 0010 0011 0100 0101 0110 0111 1000 1001 1010 1011 1100 1101 1110
1111
31 5
00000 00001 00010 00011 00100 00101 00110 00111 01000 01001 01010 01011 01100 01101 01110 01111 10000 10001 10010 10011 10101 10110 10111 11000 11001 11010 11011 11100 11101 11110 11111
10100
31 5
00000 00001 00010 00011 00100 00101 00110 00111 01000 01001 01010 01011 01100 01101 01110 01111 10000 10001 10010 10100 10101 10110 10111 11000 11001 11010 11011 11100 11101 11110 11111
10011
2 2
10 01
11
72 41
00000100110011001001001001110011110111001 00001101001101010110001110110001010110101 00010010100011100001101100001100111101011 00010111000110010001010111100110100001011 00011010011001000001010100011001010001110 00100000011000001101010100100000000101100 00100001111011111100110110100110100011010 00111101001100000110010011010011000110110 01000101011111001101000110011110100100100 01000110100011111000110010001110111110011 01001001000111000111100101010011010110101 01001001001110000110000011010011011110100 01001111000110110011101110111101010111101 01001111101101111110000111010001100100110 01010101101100000111000010000010110101010 01010111110110111000010111000110010111010 01011111010001001110101010100110011011001 01100000001100000110100011000011001110100 01100000001111011011000011010111000010100 01100001000101101110000010000011001010111 01100001001110101110000011110010000110100 01100110110110111011001000101110111010001 01101000000100100100000011010011000110100 01101001000100000110000011010011000110100 01101001001000000011000011000111100110101 01101001001100000010000011010011000110100 01101001001100000110000010011011000110101 01101001001100001110000011110011000110100 01101001001110000110000010000011101110100 01101001011100000110010011010011000110000 01101001011100001110000010110111101000101 01101001101100000110000011010011100110100 01101101001100000100000011010010000110101 01101101001100110110000011010011000110100 01101101100011011011100011000011101111110 01101101101000000110000011010011000110100 01101101101100000111110001010011000110101 01111010011100000100000100010011011110100 01111100101100101100000000010001011011100 10000110100011111110101010100100100010011 10001110111011111011110000100100001000111 10010100100011111000111000100110110001011 10010110010011111001111101111100001011011 10010110110011111001111100101000111001001 10010110110011111001111100101100111001011 10010110111011011100101010101110111101111 10011110110011111101111100111101111001011 10011110110111011001010110101110101001001 10011110111010100011111100110110001000110 10011111110011111001110100101100101001011 10100001101110110001110010000101111000011 10100010011011001011100001111111111000110 10101010100111100110111010000000000110111 10110100110001010101110100100110111101001 10111110000011101000111100011100100111011 11000001000110000111000011110011010111101 11000110110011110001110100011000111000011 11001100100101101011011111101111101011111 11001110111100010110110111110010100010110 11010100011111111000100111101101111011001 11010101111011110001011100101001101101011 11010110110011111101111100101100111001011 11011100101001101011111110101000111001010 11100001000011010100011001010101000001001 11101010110011110001101100101100010101011 11101011100110010010100010010100110101101 11101011101101000110100111100111100101010 11110000011111000001101011011101110100000 11110110110011101001111000101100011100011 11111000001000111110110000111010100111010 11111001101111011000011100111101000011011 11111010011010101100111010000111011001011
01101001001100000110000011010011000110100
15 4
0000 0001 0010 0011 0100 0101 0110 0111 1000 1001 1010 1100 1101 1110 1111
1011
2 50
10010011010111110100100000000001100011001111110010 10010011010111110100100000000001100011001111110011
10010011010111110100100000000001100011001111110010
31 5
00000 00001 00010 00011 00100 00101 00110 00111 01000 01001 01010 01011 01100 01101 01110 01111 10000 10001 10010 10011 10100 10101 10110 10111 11000 11001 11010 11011 11100 11101 11110
11111
2 50
11111111111111111111111111111111111111111111111111 11111111111111111111111111111111111111111111111110
11111111111111111111111111111111111111111111111111
31 5
00000 00001 00010 00011 00100 00110 00111 01000 01001 01010 01011 01100 01101 01110 01111 10000 10001 10010 10011 10100 10101 10110 10111 11000 11001 11010 11011 11100 11101 11110 11111
00101
31 5
00000 00001 00010 00011 00100 00101 00110 00111 01000 01001 01010 01011 01100 01101 01110 01111 10000 10001 10010 10011 10100 10101 10110 10111 11000 11001 11010 11011 11101 11110 11111
11100
31 5
00000 00001 00010 00011 00100 00101 00110 00111 01000 01001 01010 01011 01100 01101 01110 01111 10000 10001 10010 10011 10100 10101 10110 10111 11001 11010 11011 11100 11101 11110 11111
11000
1 28
0000000000000000000000000000
1111111111111111111111111111
31 5
00000 00001 00010 00011 00100 00101 00110 00111 01000 01001 01010 01011 01101 01110 01111 10000 10001 10010 10011 10100 10101 10110 10111 11000 11001 11010 11011 11100 11101 11110 11111
01100
31 5
00000 00001 00010 00011 00100 00101 00110 00111 01000 01001 01010 01011 01100 01101 01110 01111 10000 10001 10010 10011 10100 10101 10111 11000 11001 11010 11011 11100 11101 11110 11111
10110
100 47
00001100000110111111111011100011001000000100100 00010100001001010011100110010011100000100010110 00011000000010011110001001111110001010111100100 00011001000110110100010001111111001110010000110 00011010110100111000001001110000000100101011110 00011101100110110100111111010110000000110001010 00011101111110111001101101111111001110010101100 00011110000110000010110001111111111010001100110 00101000100011011110001111001101000010101011010 00110100111110110011100101100111010000001000110 00110111101001010011000110000100111101101111001 00111010110001010011001101110011010111101000101 00111110010110000100111010011010011001010001111 01000010111001010010000110000000110101101011001 01000011111001010011100111000000110101101011101 01000110100110101100111000011101000011100101110 01001010011010010111001111000100110100001101001 01001011000111001101010001111001010111100101110 01001011010101001111000010100001111110111001111 01001011111000011011110110010001000111101111001 01001100110100010111101000101001011111111011011 01010101111011111111011101000111001010011100110 01011100000110101100110101111011100110010100110 01011110111001110011000110000010100111101011100 01100010111100110011000100001100110101101111101 01100011011011011001000111000111010101101111001 01100011101001011011000110010011110101101011000 01100011111001000111000100010000110101100000001 01100011111001010011000100000000110101101011001 01100011111001010011000110000000110101101011001 01100011111001010011000110000000110101111010100 01100011111001010011000110000011010100101010100 01100011111001010011000110000100111001101011001 01100011111001010011000110101010110001101011001 01100011111001110011000110000000110101101011001 01100011111001110011000111100100111101101011101 01100101111101110001001110001110110101101110101 01100111011001110011000110100000110001101111001 01100111111001001011000111001001110001001011001 01101011111010011011000110000010111101111011001 01101100110100111101101000100110010110000110100 01101110001011011101000111100100001010001011011 01101111101000010011000101101000010101110110001 01110011110001010011000010110000010101101111011 01110100111110110010000101110010101101101110010 01110101110011010111011111010000011001100111101 10000011010101100110011010111110100010100100100 10000100000011000011111010100000101010100101011 10000100110110100000110001110111101011000001110 10001100000001101101011100011110101000010110110 10010000110010001111110000110111000110111110100 10010001101110011111010001011010001100010010001 10010100000110101100111001111111001000110100010 10010100000110101100111101111011001010010100110 10010100010011110000010001111110011011010101100 10010100100110101100111001111010001010010100110 10010100101111100001110001111011010010001100111 10010101001101111100101111000101001111110000000 10011000000110101100111001111111001010010100110 10011001110101011111110111101101011110100101010 10011100000110001100111000101111001010010100110 10011100000110101100110001111111001010010100110 10011100000110101100111001111010001010111100110 10011100000110101100111001111111001010110100110 10011100000110101100111101111111001010010101110 10011100000110101101111101110101001010110000110 10011100000110111100011001111010101010010101110 10011100000111101000111001111111001010000100110 10011100000111101100011001111111001110111000111 10011100000111101100101101101111001010010101110 10011100001110101100011001011111000011010110010 10011100100110101100111001101111001110010100110 10011100100110101100111001111111001010110101100 10011101000111101100111000011001000010010100110 10011101010110111111111001111101011101011100101 10011110000010111100110011001110010011101111111 10011110000110101100111001011111001010010100000 10100011101001010011110000010000100010101001101 10100100001100000110101011101101100100001110010 10100100010001111000001000011110011001111101010 10100101001001111101011110001011100000001000101 10100101100110011010110011010110100010101101101 10101010000100111101101000001001001010110001110 10101110011011110000000110001001110101111001111 10110100000110101100110001111111001010010100110 10111111000000101110111101010100001000001111110 11000011100001111011110011010101001100011111100 11010110101100000100101110101111001011110100011 11011101001110001001111001011110001010000010100 11100001101000011011000010000010110001101011101 11100010100000100110000110000010010001001011001 11100011001000011010000010100000110011100101011 11100011100000110101011110100100110100001010011 11100011111001010011000110000000110101101011001 11101001101111101111011100111110011010011001111 11101100100111111100111011111111001110010111110 11101110001010101011101000111111010110100100100 11110001111000010011000110100100100000101111001 11111011111101001011000110100011111101101111100 11111111101101000100011111011111100100100100001
10011100000110101100111001111111001010010100110
1 1
1
0
50 50
00110101010100100000110000110100000101110100000010 00110101010100100000110000110100000101110100000001 00110101010100100000110000110100000101110100000111 00110101010100100000110000110100000101110100001011 00110101010100100000110000110100000101110100010011 00110101010100100000110000110100000101110100100011 00110101010100100000110000110100000101110101000011 00110101010100100000110000110100000101110110000011 00110101010100100000110000110100000101110000000011 00110101010100100000110000110100000101111100000011 00110101010100100000110000110100000101100100000011 00110101010100100000110000110100000101010100000011 00110101010100100000110000110100000100110100000011 00110101010100100000110000110100000111110100000011 00110101010100100000110000110100000001110100000011 00110101010100100000110000110100001101110100000011 00110101010100100000110000110100010101110100000011 00110101010100100000110000110100100101110100000011 00110101010100100000110000110101000101110100000011 00110101010100100000110000110110000101110100000011 00110101010100100000110000110000000101110100000011 00110101010100100000110000111100000101110100000011 00110101010100100000110000100100000101110100000011 00110101010100100000110000010100000101110100000011 00110101010100100000110001110100000101110100000011 00110101010100100000110010110100000101110100000011 00110101010100100000110100110100000101110100000011 00110101010100100000111000110100000101110100000011 00110101010100100000100000110100000101110100000011 00110101010100100000010000110100000101110100000011 00110101010100100001110000110100000101110100000011 00110101010100100010110000110100000101110100000011 00110101010100100100110000110100000101110100000011 00110101010100101000110000110100000101110100000011 00110101010100110000110000110100000101110100000011 00110101010100000000110000110100000101110100000011 00110101010101100000110000110100000101110100000011 00110101010110100000110000110100000101110100000011 00110101010000100000110000110100000101110100000011 00110101011100100000110000110100000101110100000011 00110101000100100000110000110100000101110100000011 00110101110100100000110000110100000101110100000011 00110100010100100000110000110100000101110100000011 00110111010100100000110000110100000101110100000011 00110001010100100000110000110100000101110100000011 00111101010100100000110000110100000101110100000011 00100101010100100000110000110100000101110100000011 00010101010100100000110000110100000101110100000011 01110101010100100000110000110100000101110100000011 10110101010100100000110000110100000101110100000011
00110101010100100000110000110100000101110100000011
7 3
000 001 010 011 101 110 111
100
1 1
0
1
63 6
000000 000001 000010 000011 000100 000101 000110 000111 001000 001001 001010 001011 001100 001101 001110 001111 010000 010001 010010 010011 010100 010101 010110 010111 011000 011001 011010 011011 011100 011101 011110 011111 100000 100001 100010 100011 100100 100101 100110 100111 101000 101001 101010 101011 101100 101101 101111 110000 110001 110010 110011 110100 110101 110110 110111 111000 111001 111010 111011 111100 111101 111110 111111
101110
3 3
110 101 011
111
1 50
00000000000000000000000000000000000000000000000000
11111111111111111111111111111111111111111111111111
44 44
00000000110001101011111010001110110100001111 00000000110001101011111010001110110100001100 00000000110001101011111010001110110100001010 00000000110001101011111010001110110100000110 00000000110001101011111010001110110100011110 00000000110001101011111010001110110100101110 00000000110001101011111010001110110101001110 00000000110001101011111010001110110110001110 00000000110001101011111010001110110000001110 00000000110001101011111010001110111100001110 00000000110001101011111010001110100100001110 00000000110001101011111010001110010100001110 00000000110001101011111010001111110100001110 00000000110001101011111010001100110100001110 00000000110001101011111010001010110100001110 00000000110001101011111010000110110100001110 00000000110001101011111010011110110100001110 00000000110001101011111010101110110100001110 00000000110001101011111011001110110100001110 00000000110001101011111000001110110100001110 00000000110001101011111110001110110100001110 00000000110001101011110010001110110100001110 00000000110001101011101010001110110100001110 00000000110001101011011010001110110100001110 00000000110001101010111010001110110100001110 00000000110001101001111010001110110100001110 00000000110001101111111010001110110100001110 00000000110001100011111010001110110100001110 00000000110001111011111010001110110100001110 00000000110001001011111010001110110100001110 00000000110000101011111010001110110100001110 00000000110011101011111010001110110100001110 00000000110101101011111010001110110100001110 00000000111001101011111010001110110100001110 00000000100001101011111010001110110100001110 00000000010001101011111010001110110100001110 00000001110001101011111010001110110100001110 00000010110001101011111010001110110100001110 00000100110001101011111010001110110100001110 00001000110001101011111010001110110100001110 00010000110001101011111010001110110100001110 00100000110001101011111010001110110100001110 01000000110001101011111010001110110100001110 10000000110001101011111010001110110100001110
00000000110001101011111010001110110100001110
1 39
000000000000000000000000000000000000000
111111111111111111111111111111111111111
15 4
0001 0010 0011 0100 0101 0110 0111 1000 1001 1010 1011 1100 1101 1110 1111
0000
7 3
000 001 010 011 100 110 111
101
15 4
0000 0010 0011 0100 0101 0110 0111 1000 1001 1010 1011 1100 1101 1110 1111
0001
3 4
0111 0001 0011
0110
7 3
000 001 010 011 100 101 110
111
31 5
00000 00001 00010 00011 00100 00101 00110 00111 01000 01001 01010 01011 01100 01101 01110 01111 10000 10001 10010 10011 10100 10101 10110 10111 11000 11001 11010 11011 11100 11101 11111
11110
15 4
0000 0001 0010 0011 0100 0101 0110 0111 1000 1010 1011 1100 1101 1110 1111
1001
15 4
0000 0001 0010 0011 0100 0110 0111 1000 1001 1010 1011 1100 1101 1110 1111
0101
15 4
0000 0001 0011 0100 0101 0110 0111 1000 1001 1010 1011 1100 1101 1110 1111
0010
31 5
00000 00001 00010 00011 00100 00101 00110 00111 01001 01010 01011 01100 01101 01110 01111 10000 10001 10010 10011 10100 10101 10110 10111 11000 11001 11010 11011 11100 11101 11110 11111
01000
50 44
00000010110110110100111000101100001101101100 00000011000010100101010100110001111010111111 00000110010011010100010100111001101100111101 00000111101010010110011011101011001010001111 00000111111001100100011110110001010001101101 00001101010111101010011111001100011010000110 00001110000001001101100110011100101100101111 00010010000011100100010000110000100101110101 00010010000011101100111100100101110101110101 00010011000011100000010110010001100100111100 00010011000011100100010110110001100100111101 00010011000011101100010110110000110100110101 00010011011111010100110101100001010000100011 00010011110011101100010010110001100000110111 00010111000011101100010110110101100100111101 00010111100001101100110110000001000010111101 00011111100111100100010111110001101100111001 00101101001111001001111001000001011010110000 00111101000011010001010101110001000010110100 01000001010011110101101101010101001100001001 01001000111100101000110100100111011011000101 01001100111100111111101000001111010011000011 01100100001001001100100001010101000110111011 01100101000111100100000010110011101111100101 01101011000010100000110011011001110001100100 01110100101011100100010110010001010100010101 01111110010100011001111001001110011010001000 10000000111000010011111001011100011000100000 10001101101100011010110100000011011010001010 10010001000010011101011111010101111000110001 10010111000010111100010110010011001100010000 10011000001001110111010111101111000100001101 10100000011010011001110001100010001110111010 10101111110110100101100111100111011000110000 10110111001001101111111001101010011101010000 11000010101110011011000001001110111010000010 11001100111000001011100001001110011111000010 11001100111100010011101001000111011011001010 11010011010110101000010010110011110011110111 11011001110110001000101001001111001000000010 11100000111100011011101101001110111011000010 11100001011101010011110011001101000010111111 11100100110100011011101001001110011011000010 11100111011111111010001001100011001011000111 11101100110100011010101001010110011011010010 11101100111000011011111001000010011011100010 11101100111101010010101011001000001011010110 11101101111100011111001100001110111011000001 11110110001001100110010010101110100001111111 11111110101001001011001011100100011011001000
11101100111100011011101001001110011011000010
31 5
00000 00001 00010 00100 00101 00110 00111 01000 01001 01010 01011 01100 01101 01110 01111 10000 10001 10010 10011 10100 10101 10110 10111 11000 11001 11010 11011 11100 11101 11110 11111
00011
31 5
00000 00001 00010 00011 00100 00101 00111 01000 01001 01010 01011 01100 01101 01110 01111 10000 10001 10010 10011 10100 10101 10110 10111 11000 11001 11010 11011 11100 11101 11110 11111
00110
3 2
00 10 11
01
46 46
1000011011101001111010101011010010111001000001 1000011011101001111010101011010010111001000010 1000011011101001111010101011010010111001000100 1000011011101001111010101011010010111001001000 1000011011101001111010101011010010111001010000 1000011011101001111010101011010010111001100000 1000011011101001111010101011010010111000000000 1000011011101001111010101011010010111011000000 1000011011101001111010101011010010111101000000 1000011011101001111010101011010010110001000000 1000011011101001111010101011010010101001000000 1000011011101001111010101011010010011001000000 1000011011101001111010101011010011111001000000 1000011011101001111010101011010000111001000000 1000011011101001111010101011010110111001000000 1000011011101001111010101011011010111001000000 1000011011101001111010101011000010111001000000 1000011011101001111010101011110010111001000000 1000011011101001111010101010010010111001000000 1000011011101001111010101001010010111001000000 1000011011101001111010101111010010111001000000 1000011011101001111010100011010010111001000000 1000011011101001111010111011010010111001000000 1000011011101001111010001011010010111001000000 1000011011101001111011101011010010111001000000 1000011011101001111000101011010010111001000000 1000011011101001111110101011010010111001000000 1000011011101001110010101011010010111001000000 1000011011101001101010101011010010111001000000 1000011011101001011010101011010010111001000000 1000011011101000111010101011010010111001000000 1000011011101011111010101011010010111001000000 1000011011101101111010101011010010111001000000 1000011011100001111010101011010010111001000000 1000011011111001111010101011010010111001000000 1000011011001001111010101011010010111001000000 1000011010101001111010101011010010111001000000 1000011001101001111010101011010010111001000000 1000011111101001111010101011010010111001000000 1000010011101001111010101011010010111001000000 1000001011101001111010101011010010111001000000 1000111011101001111010101011010010111001000000 1001011011101001111010101011010010111001000000 1010011011101001111010101011010010111001000000 1100011011101001111010101011010010111001000000 0000011011101001111010101011010010111001000000
1000011011101001111010101011010010111001000000
2 2
10 00
11
49 49
1011110001010101001001011101010001001101100111110 1011110001010101001001011101010001001101100111101 1011110001010101001001011101010001001101100111011 1011110001010101001001011101010001001101100110111 1011110001010101001001011101010001001101100101111 1011110001010101001001011101010001001101100011111 1011110001010101001001011101010001001101101111111 1011110001010101001001011101010001001101110111111 1011110001010101001001011101010001001101000111111 1011110001010101001001011101010001001100100111111 1011110001010101001001011101010001001111100111111 1011110001010101001001011101010001001001100111111 1011110001010101001001011101010001000101100111111 1011110001010101001001011101010001011101100111111 1011110001010101001001011101010001101101100111111 1011110001010101001001011101010000001101100111111 1011110001010101001001011101010011001101100111111 1011110001010101001001011101010101001101100111111 1011110001010101001001011101011001001101100111111 1011110001010101001001011101000001001101100111111 1011110001010101001001011101110001001101100111111 1011110001010101001001011100010001001101100111111 1011110001010101001001011111010001001101100111111 1011110001010101001001011001010001001101100111111 1011110001010101001001010101010001001101100111111 1011110001010101001001001101010001001101100111111 1011110001010101001001111101010001001101100111111 1011110001010101001000011101010001001101100111111 1011110001010101001011011101010001001101100111111 1011110001010101001101011101010001001101100111111 1011110001010101000001011101010001001101100111111 1011110001010101011001011101010001001101100111111 1011110001010101101001011101010001001101100111111 1011110001010100001001011101010001001101100111111 1011110001010111001001011101010001001101100111111 1011110001010001001001011101010001001101100111111 1011110001011101001001011101010001001101100111111 1011110001000101001001011101010001001101100111111 1011110001110101001001011101010001001101100111111 1011110000010101001001011101010001001101100111111 1011110011010101001001011101010001001101100111111 1011110101010101001001011101010001001101100111111 1011111001010101001001011101010001001101100111111 1011100001010101001001011101010001001101100111111 1011010001010101001001011101010001001101100111111 1010110001010101001001011101010001001101100111111 1001110001010101001001011101010001001101100111111 1111110001010101001001011101010001001101100111111 0011110001010101001001011101010001001101100111111
1011110001010101001001011101010001001101100111111
31 5
00001 00010 00011 00100 00101 00110 00111 01000 01001 01010 01011 01100 01101 01110 01111 10000 10001 10010 10011 10100 10101 10110 10111 11000 11001 11010 11011 11100 11101 11110 11111
00000
63 6
000000 000001 000010 000011 000100 000101 000110 000111 001000 001001 001010 001011 001100 001101 001110 001111 010000 010001 010010 010011 010100 010101 010110 011000 011001 011010 011011 011100 011101 011110 011111 100000 100001 100010 100011 100100 100101 100110 100111 101000 101001 101010 101011 101100 101101 101110 101111 110000 110001 110010 110011 110100 110101 110110 110111 111000 111001 111010 111011 111100 111101 111110 111111
010111
